5.656107572989708260e-02 5.735076216552766754e-02 6.804999999999999938e-01 6.640000000000000346e-01
4.033121741706455210e-02 4.446236524548045216e-02 7.489999999999999991e-01 7.189999999999999725e-01
3.267791121432032236e-02 3.847241981801215877e-02 7.934999999999999831e-01 7.520000000000000018e-01
3.109555056474911164e-02 3.852986059540840919e-02 7.940000000000000391e-01 7.359999999999999876e-01
2.797057669268617278e-02 3.744342002489631921e-02 8.249999999999999556e-01 7.550000000000000044e-01
2.292055496890049379e-02 3.170792812627437618e-02 8.575000000000000400e-01 7.950000000000000400e-01
2.233315684110239938e-02 3.220870016372430478e-02 8.605000000000000426e-01 7.910000000000000364e-01
2.561822714362896672e-02 3.500325953782367633e-02 8.449999999999999734e-01 7.580000000000000071e-01
2.202539016754120546e-02 3.194619684872012505e-02 8.565000000000000391e-01 8.010000000000000453e-01
2.246383784235247982e-02 3.223875394768151159e-02 8.545000000000000373e-01 7.800000000000000266e-01
2.130273487407557606e-02 3.105122901602376181e-02 8.595000000000000417e-01 7.850000000000000311e-01
1.858945235116620312e-02 2.879344187525217577e-02 8.794999999999999485e-01 8.010000000000000453e-01
2.202496167933689492e-02 3.287075534470338539e-02 8.529999999999999805e-01 7.790000000000000258e-01
1.871169757430022132e-02 3.075284564299258713e-02 8.820000000000000062e-01 7.950000000000000400e-01
1.687254966719266627e-02 2.848561917229630591e-02 8.894999999999999574e-01 8.020000000000000462e-01
1.691478195900107326e-02 3.072260968165791556e-02 8.854999999999999538e-01 7.890000000000000346e-01
1.475230401932789426e-02 2.887146908644370319e-02 9.080000000000000293e-01 8.080000000000000515e-01
1.485130193266214448e-02 2.812054991835886975e-02 9.054999999999999716e-01 8.179999999999999494e-01
1.543803714087174997e-02 2.912534090003834897e-02 8.940000000000000169e-01 8.110000000000000542e-01
1.222059731217602085e-02 2.689739546773106324e-02 9.270000000000000462e-01 8.269999999999999574e-01
1.266688837503836956e-02 2.725863976689594376e-02 9.220000000000000417e-01 8.209999999999999520e-01
1.219391386085351761e-02 2.764845596372821415e-02 9.244999999999999885e-01 8.189999999999999503e-01
1.247108874833856990e-02 2.913415673439428630e-02 9.170000000000000373e-01 8.139999999999999458e-01
9.840640894149490017e-03 2.657778468526570195e-02 9.385000000000000009e-01 8.199999999999999512e-01
1.146868434278972178e-02 2.789184629839106672e-02 9.354999999999999982e-01 8.199999999999999512e-01
1.154127852864283814e-02 2.714518832309859020e-02 9.220000000000000417e-01 8.189999999999999503e-01
1.372159770582367759e-02 3.038601397648703351e-02 9.090000000000000302e-01 8.060000000000000497e-01
1.255274084226971378e-02 3.039820455247124742e-02 9.210000000000000409e-01 8.050000000000000488e-01
8.638661265139383275e-03 2.704083340050671483e-02 9.525000000000000133e-01 8.289999999999999591e-01
8.136114357877219025e-03 2.623221995574703466e-02 9.459999999999999520e-01 8.249999999999999556e-01
1.070949063229760870e-02 2.739836221079308340e-02 9.389999999999999458e-01 8.219999999999999529e-01
1.060325572531031942e-02 2.866748537152469592e-02 9.280000000000000471e-01 8.120000000000000551e-01
8.243757164814343591e-03 2.739484079627287766e-02 9.455000000000000071e-01 8.169999999999999485e-01
8.537570851088260165e-03 2.692984203325815562e-02 9.499999999999999556e-01 8.369999999999999662e-01
6.412189597349996287e-03 2.583281776921350636e-02 9.655000000000000249e-01 8.379999999999999671e-01
8.126939524499296116e-03 2.766580327998480540e-02 9.465000000000000080e-01 8.279999999999999583e-01
7.726006802836120173e-03 2.686729963758316408e-02 9.515000000000000124e-01 8.179999999999999494e-01
8.803190857375192344e-03 2.898465182812695953e-02 9.489999999999999547e-01 8.129999999999999449e-01
6.146251587220318523e-03 2.672856094496680809e-02 9.655000000000000249e-01 8.239999999999999547e-01
7.070101274902137155e-03 2.741155475441935455e-02 9.555000000000000160e-01 8.219999999999999529e-01
8.425891530751671368e-03 2.817848582902985136e-02 9.495000000000000107e-01 8.249999999999999556e-01
1.168514115856918341e-02 3.003749571047074907e-02 9.170000000000000373e-01 8.030000000000000471e-01
7.171876609861476196e-03 2.643130288101233974e-02 9.555000000000000160e-01 8.299999999999999600e-01
5.302422682104321154e-03 2.799538465176898416e-02 9.685000000000000275e-01 8.169999999999999485e-01
4.716067248321720827e-03 2.679647728189957570e-02 9.769999999999999796e-01 8.229999999999999538e-01
4.951946353467645383e-03 2.773499631619006853e-02 9.759999999999999787e-01 8.259999999999999565e-01
7.028972748496630646e-03 2.795737918428434915e-02 9.599999999999999645e-01 8.199999999999999512e-01
6.931593597008958545e-03 2.887920672625731572e-02 9.559999999999999609e-01 8.239999999999999547e-01
5.133253687753014209e-03 2.740013699844388861e-02 9.709999999999999742e-01 8.329999999999999627e-01
8.461478687958637682e-03 2.989492259245809039e-02 9.459999999999999520e-01 8.189999999999999503e-01
3.643387600115820420e-03 2.624083249279902941e-02 9.815000000000000391e-01 8.319999999999999618e-01
5.151650346947083715e-03 2.901672646008478934e-02 9.739999999999999769e-01 8.209999999999999520e-01
3.940935639288526207e-03 2.721597596284703463e-02 9.815000000000000391e-01 8.249999999999999556e-01
7.389631128730240681e-03 3.147915619324317266e-02 9.525000000000000133e-01 8.040000000000000480e-01
5.774143845259706656e-03 2.801695125099603126e-02 9.619999999999999662e-01 8.289999999999999591e-01
6.406264972491589917e-03 2.903605886705901140e-02 9.585000000000000187e-01 8.179999999999999494e-01
7.022391332461699019e-03 2.910938194091716724e-02 9.539999999999999591e-01 8.090000000000000524e-01
4.899252448755817869e-03 2.851886894579334919e-02 9.679999999999999716e-01 8.199999999999999512e-01
3.087542135171907065e-03 2.676846556165014129e-02 9.845000000000000417e-01 8.369999999999999662e-01
6.749548166637600599e-03 3.060458127831892222e-02 9.585000000000000187e-01 8.090000000000000524e-01
4.952380362392240498e-03 2.866561254863481123e-02 9.669999999999999707e-01 8.139999999999999458e-01
3.077733314172563864e-03 2.726208136207618551e-02 9.845000000000000417e-01 8.229999999999999538e-01
4.592522133423241996e-03 2.934006343142318493e-02 9.739999999999999769e-01 8.120000000000000551e-01
4.736911431126188468e-03 2.924537672349020526e-02 9.755000000000000338e-01 8.139999999999999458e-01
3.331368952957204383e-03 2.670333302206383957e-02 9.829999999999999849e-01 8.339999999999999636e-01
6.314613948963797470e-03 2.994415669026811305e-02 9.599999999999999645e-01 8.110000000000000542e-01
3.388525447117004315e-03 2.732502756248379738e-02 9.829999999999999849e-01 8.249999999999999556e-01
5.607108097660380187e-03 3.000717689524432311e-02 9.645000000000000240e-01 8.050000000000000488e-01
3.912319117750999962e-03 2.767443404993224360e-02 9.765000000000000346e-01 8.239999999999999547e-01
2.793712502303144669e-03 2.709710411776857647e-02 9.835000000000000409e-01 8.319999999999999618e-01
2.738153178055935562e-03 2.761892508215694347e-02 9.859999999999999876e-01 8.329999999999999627e-01
4.254578290657688201e-03 2.830644731791480406e-02 9.755000000000000338e-01 8.239999999999999547e-01
5.364495842639243478e-03 2.869641130130027099e-02 9.655000000000000249e-01 8.239999999999999547e-01
4.811117147337864303e-03 2.930041297880398021e-02 9.689999999999999725e-01 8.110000000000000542e-01
5.467881644670027387e-03 3.100642369520632130e-02 9.659999999999999698e-01 8.020000000000000462e-01
3.487139845169560416e-03 2.941335312686125039e-02 9.775000000000000355e-01 8.100000000000000533e-01
5.265086049347913327e-03 2.978540114222157087e-02 9.629999999999999671e-01 8.149999999999999467e-01
2.081159479641899509e-03 2.791207626693620672e-02 9.895000000000000462e-01 8.279999999999999583e-01
6.852185600692154224e-03 3.146709880655447489e-02 9.559999999999999609e-01 8.000000000000000444e-01
2.779199509759135069e-03 2.868325705042324217e-02 9.839999999999999858e-01 8.199999999999999512e-01
2.228999940731626016e-03 2.768384647799963447e-02 9.869999999999999885e-01 8.279999999999999583e-01
4.012596775525966580e-03 2.846710216146133843e-02 9.785000000000000364e-01 8.339999999999999636e-01
3.233782669375297094e-03 2.986744032996693776e-02 9.849999999999999867e-01 8.219999999999999529e-01
3.554582146233135984e-03 2.813743763249961644e-02 9.765000000000000346e-01 8.100000000000000533e-01
5.323381119126568278e-03 2.971370067143243310e-02 9.645000000000000240e-01 8.199999999999999512e-01
4.938087509638082462e-03 2.925500233367280337e-02 9.699999999999999734e-01 8.120000000000000551e-01
3.376124210868450617e-03 2.894029516080821526e-02 9.789999999999999813e-01 8.239999999999999547e-01
2.692612433946842913e-03 2.797564731437358204e-02 9.865000000000000435e-01 8.239999999999999547e-01
2.154282842533895501e-03 2.854640601978043063e-02 9.899999999999999911e-01 8.249999999999999556e-01
4.526483707575134317e-03 2.995833899688590124e-02 9.709999999999999742e-01 8.189999999999999503e-01
1.716145741023285569e-03 2.850590564566857568e-02 9.915000000000000480e-01 8.199999999999999512e-01
3.239217404275506699e-03 2.805461143913037803e-02 9.805000000000000382e-01 8.209999999999999520e-01
2.540351510540225701e-03 2.882075077700334970e-02 9.845000000000000417e-01 8.249999999999999556e-01
2.987495354373536326e-03 2.925967367202945285e-02 9.809999999999999831e-01 8.179999999999999494e-01
2.221341428331974430e-03 2.850139487754191694e-02 9.879999999999999893e-01 8.219999999999999529e-01
3.121100926849996408e-03 2.969314363842129323e-02 9.829999999999999849e-01 8.169999999999999485e-01
1.206759007074395280e-03 2.946813007778899957e-02 9.949999999999999956e-01 8.189999999999999503e-01
2.015365518649548521e-03 2.922562767041904375e-02 9.909999999999999920e-01 8.189999999999999503e-01
2.940576577874875856e-03 3.116318237067308011e-02 9.825000000000000400e-01 8.149999999999999467e-01
6.892578429676474855e-03 3.168121715894814394e-02 9.565000000000000169e-01 8.100000000000000533e-01
2.710640388628346789e-03 2.960109744330520834e-02 9.869999999999999885e-01 8.139999999999999458e-01
3.090942004236760417e-03 2.964747045016574711e-02 9.805000000000000382e-01 8.249999999999999556e-01
2.419505414382424387e-03 2.865816256286577920e-02 9.855000000000000426e-01 8.259999999999999565e-01
2.372992187798021908e-03 3.049752097524768835e-02 9.869999999999999885e-01 8.080000000000000515e-01
4.265039022464825989e-03 2.915757848595101898e-02 9.709999999999999742e-01 8.189999999999999503e-01
2.066543837204835084e-03 2.839045577409806190e-02 9.919999999999999929e-01 8.189999999999999503e-01
6.446258299015248175e-03 3.065563588054867963e-02 9.575000000000000178e-01 8.129999999999999449e-01
5.525792155064730878e-03 2.909727663249189050e-02 9.669999999999999707e-01 8.219999999999999529e-01
4.565118356713483358e-03 3.058625103338184076e-02 9.709999999999999742e-01 8.179999999999999494e-01
1.817874128866775246e-03 2.834952853680167140e-02 9.905000000000000471e-01 8.279999999999999583e-01
2.469435172174341050e-03 2.828020859078056795e-02 9.835000000000000409e-01 8.249999999999999556e-01
2.284800337717243952e-03 2.922999994259942169e-02 9.865000000000000435e-01 8.199999999999999512e-01
2.361661038431289109e-03 2.927055648434628496e-02 9.869999999999999885e-01 8.149999999999999467e-01
1.696308405589136165e-03 2.845636520910718378e-02 9.935000000000000497e-01 8.259999999999999565e-01
3.279059109845976466e-03 2.919431443643816237e-02 9.789999999999999813e-01 8.139999999999999458e-01
4.880885512773268028e-03 3.010884521578611681e-02 9.739999999999999769e-01 8.129999999999999449e-01
2.823017953116277456e-03 3.015072364996609217e-02 9.835000000000000409e-01 8.179999999999999494e-01
2.025554788542406007e-03 3.015767322648527440e-02 9.925000000000000488e-01 8.100000000000000533e-01
1.291256626226407710e-03 2.896391363195265772e-02 9.939999999999999947e-01 8.249999999999999556e-01
8.438882653319839180e-04 2.910990902449844819e-02 9.969999999999999973e-01 8.189999999999999503e-01
1.110923220542331131e-03 2.904618104151601710e-02 9.949999999999999956e-01 8.189999999999999503e-01
1.447982766525504747e-03 2.903222911810542442e-02 9.925000000000000488e-01 8.269999999999999574e-01
1.113092409118873749e-03 2.872250168064937118e-02 9.949999999999999956e-01 8.279999999999999583e-01
1.710202008405094188e-03 2.880233843730286430e-02 9.925000000000000488e-01 8.209999999999999520e-01
1.745206900095019583e-03 2.938834035570861772e-02 9.939999999999999947e-01 8.189999999999999503e-01
3.757873869224429963e-03 3.005265688097417259e-02 9.779999999999999805e-01 8.199999999999999512e-01
1.945489039650935862e-03 3.039836434236117824e-02 9.919999999999999929e-01 8.129999999999999449e-01
2.561570508735059280e-03 3.023962121696162700e-02 9.875000000000000444e-01 8.120000000000000551e-01
3.385589001565473492e-03 3.105350452590886767e-02 9.795000000000000373e-01 8.129999999999999449e-01
4.291624376373978818e-03 3.058667868288693012e-02 9.739999999999999769e-01 8.159999999999999476e-01
1.865899817550975776e-03 3.010395137076817343e-02 9.889999999999999902e-01 8.159999999999999476e-01
2.362796488554878317e-03 2.932062677692927680e-02 9.839999999999999858e-01 8.219999999999999529e-01
2.082972870390771385e-03 3.006566530986695684e-02 9.895000000000000462e-01 8.229999999999999538e-01
3.280862039410947437e-03 2.884017465232266778e-02 9.779999999999999805e-01 8.249999999999999556e-01
1.414086044560224379e-03 2.962493891082522771e-02 9.939999999999999947e-01 8.179999999999999494e-01
9.812377673436706305e-04 2.830014027558215225e-02 9.949999999999999956e-01 8.229999999999999538e-01
1.104544395273554394e-03 2.811312782291128243e-02 9.965000000000000524e-01 8.239999999999999547e-01
2.896349967221452121e-03 3.172382200370830324e-02 9.815000000000000391e-01 8.000000000000000444e-01
8.217477095824206584e-04 2.801318200795092916e-02 9.965000000000000524e-01 8.269999999999999574e-01
8.435158248808939272e-04 2.882479281665835044e-02 9.969999999999999973e-01 8.199999999999999512e-01
3.206748268854128781e-03 3.226181688206337245e-02 9.779999999999999805e-01 7.990000000000000435e-01
3.956757510520539020e-03 3.168066760605031673e-02 9.775000000000000355e-01 8.100000000000000533e-01
1.383705373893975724e-03 2.948040964627810304e-02 9.915000000000000480e-01 8.149999999999999467e-01
2.298698469485010824e-03 3.022781830752076238e-02 9.889999999999999902e-01 8.090000000000000524e-01
1.876689191401368674e-03 3.057690303907560983e-02 9.899999999999999911e-01 8.120000000000000551e-01
1.129708653174260656e-03 2.853131765937637690e-02 9.949999999999999956e-01 8.249999999999999556e-01
1.110658876744177303e-03 3.010003611800642076e-02 9.969999999999999973e-01 8.139999999999999458e-01
1.607272588023530343e-03 2.949371677441104192e-02 9.929999999999999938e-01 8.169999999999999485e-01
2.521636346325399625e-03 2.933004673663725664e-02 9.865000000000000435e-01 8.219999999999999529e-01
1.338664263119056751e-03 2.814262016650539988e-02 9.925000000000000488e-01 8.219999999999999529e-01
6.518358020583967178e-04 2.943562103607242839e-02 9.985000000000000542e-01 8.179999999999999494e-01
2.135710689072285208e-03 3.022220246657585790e-02 9.879999999999999893e-01 8.159999999999999476e-01
7.488146853508297887e-04 2.859588910455462471e-02 9.959999999999999964e-01 8.229999999999999538e-01
1.932723871144244104e-03 2.871094717995701512e-02 9.905000000000000471e-01 8.259999999999999565e-01
2.811317418966213094e-03 2.988084952148302442e-02 9.809999999999999831e-01 8.179999999999999494e-01
1.549799044027853770e-03 2.939501866022162582e-02 9.895000000000000462e-01 8.269999999999999574e-01
3.088968942789291610e-03 3.029272839162773512e-02 9.815000000000000391e-01 8.139999999999999458e-01
3.264123434538269367e-03 2.978392618543946810e-02 9.815000000000000391e-01 8.189999999999999503e-01
2.886577075521158317e-03 2.958897476834119328e-02 9.819999999999999840e-01 8.209999999999999520e-01
1.563915472120491496e-03 3.013464903812038478e-02 9.919999999999999929e-01 8.100000000000000533e-01
1.745096058930638598e-03 3.008705603212788460e-02 9.885000000000000453e-01 8.129999999999999449e-01
1.320799254907714616e-03 2.828510626591853455e-02 9.929999999999999938e-01 8.179999999999999494e-01
7.675491528783121888e-04 2.783826462174457742e-02 9.965000000000000524e-01 8.339999999999999636e-01
1.617934255877018050e-03 2.846132009271097954e-02 9.915000000000000480e-01 8.229999999999999538e-01
1.283928501919287535e-03 2.898709572770783241e-02 9.925000000000000488e-01 8.199999999999999512e-01
1.099409066007285335e-03 3.008284702290549284e-02 9.945000000000000506e-01 8.159999999999999476e-01
6.827045668600454633e-04 2.746964236576234994e-02 9.979999999999999982e-01 8.349999999999999645e-01
5.813738474916705290e-04 2.888886227748451579e-02 9.985000000000000542e-01 8.219999999999999529e-01
9.898770007221260360e-04 2.952970755173371306e-02 9.975000000000000533e-01 8.120000000000000551e-01
1.332305505892886167e-03 2.994088692847232669e-02 9.925000000000000488e-01 8.209999999999999520e-01
1.831421619497390196e-03 2.993127154487343691e-02 9.905000000000000471e-01 8.149999999999999467e-01
6.039016069854502740e-03 3.108772877551958802e-02 9.585000000000000187e-01 8.120000000000000551e-01
2.046348393082041660e-03 2.975511863929077017e-02 9.899999999999999911e-01 8.110000000000000542e-01
2.460926055958125285e-03 3.081257443048762007e-02 9.849999999999999867e-01 8.060000000000000497e-01
1.811711083092789514e-03 2.960180155220031029e-02 9.879999999999999893e-01 8.169999999999999485e-01
1.563064235509644632e-03 3.011275534029074843e-02 9.929999999999999938e-01 8.129999999999999449e-01
1.984407695261459614e-03 3.011753781270097227e-02 9.925000000000000488e-01 8.139999999999999458e-01
5.495915358706101369e-04 2.775862781597985413e-02 9.985000000000000542e-01 8.319999999999999618e-01
8.038471708409896874e-04 2.904335444939912941e-02 9.949999999999999956e-01 8.189999999999999503e-01
9.271509223267584369e-04 2.960553060838474332e-02 9.959999999999999964e-01 8.179999999999999494e-01
4.381199600514000840e-04 2.860884323699526555e-02 9.985000000000000542e-01 8.249999999999999556e-01
1.129861608519187313e-03 2.949284377401989454e-02 9.955000000000000515e-01 8.189999999999999503e-01
1.056709408636309546e-03 2.913314536247434139e-02 9.949999999999999956e-01 8.259999999999999565e-01
1.990015528442943410e-03 2.961373507835881463e-02 9.899999999999999911e-01 8.179999999999999494e-01
4.403474063985115053e-03 3.195784317599046492e-02 9.719999999999999751e-01 7.980000000000000426e-01
7.371943766482537538e-04 2.776664935794823791e-02 9.985000000000000542e-01 8.199999999999999512e-01
1.030703187210832992e-03 2.956831983537656916e-02 9.959999999999999964e-01 8.139999999999999458e-01
8.560219701018426022e-04 2.920942452250325713e-02 9.979999999999999982e-01 8.169999999999999485e-01
3.584309905253197205e-04 2.785707272428697423e-02 9.995000000000000551e-01 8.239999999999999547e-01
1.841065433088843453e-03 2.978987304711022341e-02 9.905000000000000471e-01 8.159999999999999476e-01
5.393082690137619576e-04 2.877884360763253990e-02 9.979999999999999982e-01 8.189999999999999503e-01
5.394327307388117540e-04 2.862207882753865090e-02 9.979999999999999982e-01 8.209999999999999520e-01
4.518736770596822332e-04 2.832323353388126880e-02 9.995000000000000551e-01 8.249999999999999556e-01
2.106616110982459291e-03 2.959837229375574322e-02 9.859999999999999876e-01 8.199999999999999512e-01
2.176263856166824181e-04 2.818538256281988633e-02 1.000000000000000000e+00 8.239999999999999547e-01
1.590508074176714059e-03 2.971587154190329441e-02 9.935000000000000497e-01 8.229999999999999538e-01
7.916777250815569327e-04 2.904084287288035901e-02 9.969999999999999973e-01 8.239999999999999547e-01
1.487930895992401088e-03 2.879350509273395295e-02 9.925000000000000488e-01 8.339999999999999636e-01
2.505561670063471188e-03 2.921523958675792398e-02 9.869999999999999885e-01 8.269999999999999574e-01
9.010843146706868810e-04 2.943362519137670413e-02 9.969999999999999973e-01 8.189999999999999503e-01
1.304658064558691932e-03 2.890601768340181343e-02 9.949999999999999956e-01 8.239999999999999547e-01
1.705085034397593128e-03 2.937564004112996202e-02 9.905000000000000471e-01 8.279999999999999583e-01
1.080730252729736026e-03 2.911312751959849177e-02 9.985000000000000542e-01 8.070000000000000506e-01
6.979568211855107689e-04 2.777233733191995790e-02 9.969999999999999973e-01 8.329999999999999627e-01
8.872926197159437377e-04 2.921795602284103788e-02 9.955000000000000515e-01 8.229999999999999538e-01
1.578541676206593036e-03 2.903549184830402433e-02 9.909999999999999920e-01 8.299999999999999600e-01
1.664662368007909215e-03 3.018696588810491910e-02 9.909999999999999920e-01 8.120000000000000551e-01
3.819407845044500011e-04 2.959976799392415037e-02 9.995000000000000551e-01 8.159999999999999476e-01
2.520640227563005105e-03 3.022264894679133410e-02 9.845000000000000417e-01 8.189999999999999503e-01
3.123367420115534098e-04 2.905362060510982558e-02 9.985000000000000542e-01 8.219999999999999529e-01
1.384498265824932444e-03 2.963998498640712034e-02 9.919999999999999929e-01 8.239999999999999547e-01
8.608463533583488383e-04 2.971319615695255240e-02 9.959999999999999964e-01 8.229999999999999538e-01
2.456202007324982412e-03 3.174406339903207419e-02 9.849999999999999867e-01 8.100000000000000533e-01
6.776368670029678069e-04 3.075946149348284323e-02 9.975000000000000533e-01 8.120000000000000551e-01
6.873886442378675200e-04 3.000674864806350192e-02 9.979999999999999982e-01 8.120000000000000551e-01
6.822678471843842416e-04 2.831124349821518074e-02 9.979999999999999982e-01 8.239999999999999547e-01
5.934862400910642741e-04 2.948216334321346679e-02 9.985000000000000542e-01 8.199999999999999512e-01
9.269219922789915427e-04 2.919775883842258557e-02 9.945000000000000506e-01 8.229999999999999538e-01
1.497175807842979472e-03 3.145166214033000979e-02 9.925000000000000488e-01 8.120000000000000551e-01
5.220726048089812700e-04 3.034838799584483118e-02 9.985000000000000542e-01 8.219999999999999529e-01
1.135454930492465998e-03 3.066386072029297222e-02 9.949999999999999956e-01 8.159999999999999476e-01
1.696189331034094741e-03 3.075817147411314539e-02 9.895000000000000462e-01 8.129999999999999449e-01
3.713856430020111721e-03 3.145568413625007137e-02 9.765000000000000346e-01 8.090000000000000524e-01
3.925001682250629266e-03 2.931365744659689132e-02 9.759999999999999787e-01 8.259999999999999565e-01
3.672614865966430985e-04 2.866015585420262843e-02 9.989999999999999991e-01 8.219999999999999529e-01
4.544937551659222405e-03 3.149638542882647607e-02 9.685000000000000275e-01 8.110000000000000542e-01
2.598277538754329742e-03 3.014323864669622016e-02 9.829999999999999849e-01 8.189999999999999503e-01
8.788790961932872216e-04 2.803046168273398697e-02 9.959999999999999964e-01 8.279999999999999583e-01
1.573999541643730489e-03 2.936956362394324213e-02 9.919999999999999929e-01 8.169999999999999485e-01
2.634930002735020281e-03 3.193994953566944850e-02 9.849999999999999867e-01 8.050000000000000488e-01
4.575818310050400010e-03 3.128958929864176369e-02 9.739999999999999769e-01 8.149999999999999467e-01
3.325914415999680577e-03 3.127848604579226005e-02 9.805000000000000382e-01 8.070000000000000506e-01
6.457436495107101359e-04 2.899331406911783912e-02 9.965000000000000524e-01 8.259999999999999565e-01
1.357196757974015984e-03 2.853600474996951034e-02 9.945000000000000506e-01 8.259999999999999565e-01
4.022569865088352660e-03 3.161120038289184919e-02 9.739999999999999769e-01 8.100000000000000533e-01
1.345050245743368775e-03 2.800417424194672628e-02 9.925000000000000488e-01 8.219999999999999529e-01
1.718908575961074735e-03 3.068711692548604930e-02 9.899999999999999911e-01 8.070000000000000506e-01
1.592227861353406881e-03 2.977815333324297653e-02 9.889999999999999902e-01 8.199999999999999512e-01
3.116388273762325627e-04 2.843998790653655406e-02 9.989999999999999991e-01 8.299999999999999600e-01
5.063874222584786866e-04 2.811101182100413792e-02 9.979999999999999982e-01 8.279999999999999583e-01
3.309381873145118835e-03 3.078561088958059466e-02 9.765000000000000346e-01 8.139999999999999458e-01
6.950710452167238249e-04 2.946208938042495923e-02 9.965000000000000524e-01 8.189999999999999503e-01
4.960569671474803020e-04 2.859457231919353137e-02 9.979999999999999982e-01 8.289999999999999591e-01
3.540856159568196108e-03 3.129539112961588626e-02 9.779999999999999805e-01 8.070000000000000506e-01
8.772394933808701570e-04 2.920179935707981414e-02 9.969999999999999973e-01 8.199999999999999512e-01
1.408290000171927119e-03 2.988502686455682747e-02 9.915000000000000480e-01 8.139999999999999458e-01
6.251307504657372966e-04 2.938691198830746185e-02 9.969999999999999973e-01 8.279999999999999583e-01
1.120990898355205640e-03 2.805354755582918636e-02 9.955000000000000515e-01 8.289999999999999591e-01
8.732543521376062495e-04 2.893209878216716768e-02 9.969999999999999973e-01 8.199999999999999512e-01
1.777106860240279919e-03 2.875170130665125057e-02 9.909999999999999920e-01 8.269999999999999574e-01
2.890635330312403637e-03 3.255349058680047369e-02 9.859999999999999876e-01 8.030000000000000471e-01
4.670970045421186652e-04 2.947657178285744556e-02 9.989999999999999991e-01 8.179999999999999494e-01
8.085572674848487060e-03 3.379941189610655150e-02 9.429999999999999494e-01 7.920000000000000373e-01
2.146927652038282171e-03 2.916494402177461850e-02 9.889999999999999902e-01 8.139999999999999458e-01
4.935375900619091115e-04 2.785029395716847461e-02 9.989999999999999991e-01 8.279999999999999583e-01
3.265765590710259362e-04 2.717257180167026095e-02 1.000000000000000000e+00 8.259999999999999565e-01
4.137042490023436279e-04 2.836767437752029178e-02 9.995000000000000551e-01 8.269999999999999574e-01
1.505029920150799481e-03 2.982741934566598280e-02 9.919999999999999929e-01 8.179999999999999494e-01
8.065791658334126252e-04 2.867656398792195818e-02 9.975000000000000533e-01 8.209999999999999520e-01
4.916151399473840189e-04 2.859785677558927472e-02 9.979999999999999982e-01 8.219999999999999529e-01
4.491609696340163513e-04 2.808687809361384152e-02 9.989999999999999991e-01 8.299999999999999600e-01
5.753509814683117592e-04 2.957249030688656813e-02 9.985000000000000542e-01 8.159999999999999476e-01
3.052281028714865559e-04 2.853477454799134561e-02 9.995000000000000551e-01 8.289999999999999591e-01
4.210615534686185102e-03 3.039371210109234264e-02 9.739999999999999769e-01 8.120000000000000551e-01
2.198585003882794989e-03 2.982637817530436539e-02 9.895000000000000462e-01 8.139999999999999458e-01
4.903039651100432996e-04 2.903763261516309480e-02 9.985000000000000542e-01 8.189999999999999503e-01
5.487309069933147491e-04 2.821422632880941569e-02 9.975000000000000533e-01 8.309999999999999609e-01
9.583823450417494312e-04 2.980710481280983079e-02 9.955000000000000515e-01 8.129999999999999449e-01
1.218902478794560646e-03 2.754825856990252703e-02 9.935000000000000497e-01 8.289999999999999591e-01
3.997845873835988682e-03 3.063468093927713617e-02 9.775000000000000355e-01 8.120000000000000551e-01
1.523260806450613992e-03 2.931372380781916559e-02 9.909999999999999920e-01 8.249999999999999556e-01
5.474922359734195245e-04 2.910001891496128909e-02 9.979999999999999982e-01 8.149999999999999467e-01
3.201817365621462391e-04 2.848260336927660799e-02 9.989999999999999991e-01 8.299999999999999600e-01
9.718490635419582604e-04 2.920405346754325129e-02 9.955000000000000515e-01 8.239999999999999547e-01
1.213810529410274796e-03 2.914243447908606774e-02 9.935000000000000497e-01 8.209999999999999520e-01
1.336375106213382163e-04 2.906921783962055153e-02 1.000000000000000000e+00 8.219999999999999529e-01
6.400067271175684507e-04 2.968338204755629692e-02 9.959999999999999964e-01 8.159999999999999476e-01
4.086803117167665724e-04 2.875563442620318599e-02 9.979999999999999982e-01 8.269999999999999574e-01
2.209584640465012736e-03 2.962152220557136284e-02 9.869999999999999885e-01 8.169999999999999485e-01
1.297102261272296830e-03 2.881137941511824341e-02 9.935000000000000497e-01 8.249999999999999556e-01
6.990478323968839008e-04 2.833451072785510283e-02 9.975000000000000533e-01 8.299999999999999600e-01
1.260143694977914654e-03 2.902058339340046061e-02 9.965000000000000524e-01 8.219999999999999529e-01
1.801987463282717864e-03 3.104845626132548761e-02 9.889999999999999902e-01 8.120000000000000551e-01
3.622928072532960193e-03 2.938738292941189822e-02 9.775000000000000355e-01 8.219999999999999529e-01
2.112333211319468960e-03 2.921979358044848180e-02 9.879999999999999893e-01 8.199999999999999512e-01
1.961413048807990648e-04 2.844442789606935543e-02 1.000000000000000000e+00 8.289999999999999591e-01
3.895488266964232090e-04 2.863030256065419998e-02 9.975000000000000533e-01 8.239999999999999547e-01
3.898439438447115490e-04 2.858111715184856461e-02 9.979999999999999982e-01 8.299999999999999600e-01
7.417427479123324223e-04 2.849877561995249262e-02 9.965000000000000524e-01 8.289999999999999591e-01
3.291513585871326530e-03 3.044400979892821629e-02 9.835000000000000409e-01 8.090000000000000524e-01
5.370462022933795813e-03 3.268103574335631811e-02 9.645000000000000240e-01 8.080000000000000515e-01
1.061649188337229505e-03 2.919072908525356669e-02 9.939999999999999947e-01 8.159999999999999476e-01
4.928628081663254720e-04 2.908312770105353148e-02 9.989999999999999991e-01 8.219999999999999529e-01
6.672800812035531264e-04 2.933087399974949536e-02 9.955000000000000515e-01 8.199999999999999512e-01
1.034082838979903315e-03 2.900131149380792001e-02 9.925000000000000488e-01 8.249999999999999556e-01
8.852786564617432311e-04 2.886444097702283232e-02 9.959999999999999964e-01 8.269999999999999574e-01
1.886939873301419698e-03 2.816794369495468145e-02 9.919999999999999929e-01 8.279999999999999583e-01
4.788011745180682354e-04 2.880495938197618136e-02 9.995000000000000551e-01 8.209999999999999520e-01
3.519270694201483748e-03 3.011069356705452921e-02 9.775000000000000355e-01 8.189999999999999503e-01
1.058748027655962353e-03 2.819892421965636969e-02 9.955000000000000515e-01 8.199999999999999512e-01
2.409261957892629526e-04 2.854108283975581931e-02 1.000000000000000000e+00 8.249999999999999556e-01
4.443368638151811399e-03 3.211520345905328339e-02 9.745000000000000329e-01 8.100000000000000533e-01
3.600339747322164365e-04 2.798809616904725933e-02 9.985000000000000542e-01 8.279999999999999583e-01
9.665697621567602513e-04 2.987158916320423879e-02 9.959999999999999964e-01 8.120000000000000551e-01
6.048812588357463859e-04 2.998073589941206013e-02 9.979999999999999982e-01 8.179999999999999494e-01
6.318584100803531457e-04 2.927547520449827467e-02 9.969999999999999973e-01 8.179999999999999494e-01
9.574516467370996434e-04 2.911510776414479723e-02 9.949999999999999956e-01 8.209999999999999520e-01
1.914429561606737504e-03 3.066442045944823419e-02 9.899999999999999911e-01 8.169999999999999485e-01
7.957998972670841204e-04 2.913873526001976161e-02 9.969999999999999973e-01 8.209999999999999520e-01
5.604470676854755471e-04 3.066130874173477946e-02 9.975000000000000533e-01 8.169999999999999485e-01
2.422588879684225895e-03 2.846581614448161907e-02 9.859999999999999876e-01 8.319999999999999618e-01
5.475804147430853898e-03 3.104545786402587715e-02 9.629999999999999671e-01 8.110000000000000542e-01
2.226100219419291284e-03 3.111307472374102642e-02 9.869999999999999885e-01 8.159999999999999476e-01
4.123302813815442683e-03 2.941479103758788335e-02 9.765000000000000346e-01 8.159999999999999476e-01
5.316241086804377684e-04 2.834389828469512096e-02 9.979999999999999982e-01 8.209999999999999520e-01
1.144869227552345855e-03 2.867936853262885791e-02 9.955000000000000515e-01 8.179999999999999494e-01
7.387901352536283038e-04 2.799128141717468349e-02 9.979999999999999982e-01 8.239999999999999547e-01
3.056932184420843557e-04 2.813996490585738558e-02 1.000000000000000000e+00 8.249999999999999556e-01
1.340148824062779593e-03 2.982779067948114135e-02 9.939999999999999947e-01 8.189999999999999503e-01
6.758166562627811874e-04 2.803247092741561336e-02 9.979999999999999982e-01 8.269999999999999574e-01
1.494172628864660424e-03 2.836936632430857655e-02 9.915000000000000480e-01 8.219999999999999529e-01
7.458171337615873827e-04 2.866269366390925347e-02 9.955000000000000515e-01 8.229999999999999538e-01
4.577127191304452268e-04 2.905785958463419708e-02 9.985000000000000542e-01 8.229999999999999538e-01
5.728220919581968745e-04 2.884196062320954629e-02 9.975000000000000533e-01 8.269999999999999574e-01
1.221622728995790715e-03 3.027462333733967059e-02 9.939999999999999947e-01 8.139999999999999458e-01
5.526766776586906557e-04 2.920840215975686188e-02 9.989999999999999991e-01 8.209999999999999520e-01
3.853994051806047534e-04 2.852499489587599982e-02 9.985000000000000542e-01 8.239999999999999547e-01
2.853926537916977139e-03 3.041290806288389492e-02 9.829999999999999849e-01 8.209999999999999520e-01
2.627409654949172733e-04 2.820611501206404456e-02 9.995000000000000551e-01 8.209999999999999520e-01
1.136007689543887126e-03 2.903619263223326807e-02 9.955000000000000515e-01 8.269999999999999574e-01
8.864915237088183842e-04 2.852283613680762012e-02 9.955000000000000515e-01 8.269999999999999574e-01
2.632089368538908158e-04 2.877544366675254678e-02 9.995000000000000551e-01 8.209999999999999520e-01
4.156236536367732891e-04 2.948682676886472259e-02 9.985000000000000542e-01 8.139999999999999458e-01
8.677718305390435009e-04 2.885376872460284486e-02 9.969999999999999973e-01 8.179999999999999494e-01
3.491949118422986963e-03 3.069324703058728260e-02 9.795000000000000373e-01 8.120000000000000551e-01
6.851986772280105331e-03 3.177272959305195432e-02 9.575000000000000178e-01 7.990000000000000435e-01
6.761539052347866280e-04 2.840238867028509889e-02 9.975000000000000533e-01 8.259999999999999565e-01
1.007883619350405597e-03 2.957672852013451537e-02 9.955000000000000515e-01 8.199999999999999512e-01
2.003138171999627008e-03 3.082922557219765908e-02 9.879999999999999893e-01 8.139999999999999458e-01
1.100406614478385663e-03 2.962585486081706701e-02 9.955000000000000515e-01 8.269999999999999574e-01
5.018102032499232885e-04 2.886603819666395954e-02 9.985000000000000542e-01 8.239999999999999547e-01
8.186250436913551295e-04 2.868364962696919734e-02 9.945000000000000506e-01 8.229999999999999538e-01
8.125804863538942536e-04 2.763814017594694306e-02 9.969999999999999973e-01 8.299999999999999600e-01
5.229850740574901831e-04 2.918124421751175368e-02 9.979999999999999982e-01 8.279999999999999583e-01
7.763011547040613762e-04 2.888385170423636225e-02 9.945000000000000506e-01 8.229999999999999538e-01
7.311322387282163731e-05 2.804890634495761648e-02 1.000000000000000000e+00 8.209999999999999520e-01
7.135293195440029846e-04 2.914003025819672521e-02 9.965000000000000524e-01 8.219999999999999529e-01
2.927296616565535844e-04 2.786511088966073940e-02 9.995000000000000551e-01 8.259999999999999565e-01
3.034142616346716809e-03 3.121684311715160198e-02 9.825000000000000400e-01 8.129999999999999449e-01
1.654501391968144202e-03 2.923491774812476962e-02 9.909999999999999920e-01 8.259999999999999565e-01
1.507198085609453946e-03 2.996342255861284345e-02 9.905000000000000471e-01 8.110000000000000542e-01
2.205450057733420333e-03 3.135063153678190745e-02 9.869999999999999885e-01 8.100000000000000533e-01
3.621769692561157129e-04 2.849908348643593811e-02 9.985000000000000542e-01 8.259999999999999565e-01
3.145387432276556920e-04 2.778833089105755758e-02 9.995000000000000551e-01 8.309999999999999609e-01
3.368828225222871096e-03 3.012716615411153639e-02 9.779999999999999805e-01 8.159999999999999476e-01
6.178153300593018822e-03 3.146001561101651606e-02 9.615000000000000213e-01 8.060000000000000497e-01
8.747472023959402231e-04 2.908313675363334572e-02 9.965000000000000524e-01 8.179999999999999494e-01
5.092856595374844683e-04 2.840961923089986227e-02 9.975000000000000533e-01 8.189999999999999503e-01
2.814097443639095725e-03 3.003111686267185415e-02 9.795000000000000373e-01 8.100000000000000533e-01
1.283981596407843262e-03 2.936319676140817722e-02 9.925000000000000488e-01 8.159999999999999476e-01
1.716721704797406680e-03 3.037093837017476247e-02 9.915000000000000480e-01 8.199999999999999512e-01
3.728252828054838064e-04 2.912698197490515631e-02 9.985000000000000542e-01 8.199999999999999512e-01
3.358618341571804650e-04 2.842833300374957017e-02 9.995000000000000551e-01 8.239999999999999547e-01
9.525160946532274615e-04 3.046433385865954593e-02 9.949999999999999956e-01 8.110000000000000542e-01
3.668812328622194697e-04 2.954018002510580207e-02 9.985000000000000542e-01 8.219999999999999529e-01
6.554465925889368634e-04 2.932249577385478631e-02 9.969999999999999973e-01 8.199999999999999512e-01
5.689477393170592730e-04 2.810030311313695475e-02 9.965000000000000524e-01 8.289999999999999591e-01
2.187915778061130410e-04 2.951635612440251660e-02 9.989999999999999991e-01 8.159999999999999476e-01
5.921753085175986359e-04 2.877633624238534402e-02 9.965000000000000524e-01 8.239999999999999547e-01
3.203913417503459829e-03 3.107763000127376427e-02 9.795000000000000373e-01 8.110000000000000542e-01
4.402743703526818377e-04 2.969890544866148063e-02 9.979999999999999982e-01 8.199999999999999512e-01
1.228389266027732211e-04 2.840307118863174066e-02 1.000000000000000000e+00 8.309999999999999609e-01
5.153003059962573068e-04 2.915842612492967889e-02 9.979999999999999982e-01 8.229999999999999538e-01
1.908010844294005933e-03 2.978147822833104169e-02 9.889999999999999902e-01 8.159999999999999476e-01
5.289398530123372777e-04 2.934677600401620207e-02 9.989999999999999991e-01 8.219999999999999529e-01
3.615217402097272901e-04 2.939576832764720371e-02 9.989999999999999991e-01 8.239999999999999547e-01
3.364904669991919200e-04 2.898597770134541188e-02 1.000000000000000000e+00 8.179999999999999494e-01
3.731808584262712300e-04 2.921610679777689526e-02 9.989999999999999991e-01 8.259999999999999565e-01
1.411868772857721168e-04 2.833353327889504350e-02 9.995000000000000551e-01 8.329999999999999627e-01
1.355276989805436275e-03 3.030907409447795506e-02 9.929999999999999938e-01 8.060000000000000497e-01
9.670345217719807356e-04 2.899194589073410266e-02 9.959999999999999964e-01 8.149999999999999467e-01
5.473249592177617182e-03 3.103619894321304334e-02 9.679999999999999716e-01 8.129999999999999449e-01
1.043079922884975613e-03 2.896075638267226263e-02 9.955000000000000515e-01 8.239999999999999547e-01
4.814191083305739151e-04 2.850091780895454979e-02 9.979999999999999982e-01 8.159999999999999476e-01
2.148115829872263276e-03 3.043761850522137130e-02 9.859999999999999876e-01 8.070000000000000506e-01
4.856825562392384017e-04 2.757275483318823162e-02 9.979999999999999982e-01 8.289999999999999591e-01
4.526802699047248815e-03 3.104392604462390126e-02 9.695000000000000284e-01 8.149999999999999467e-01
1.042756495669582570e-03 2.950142941887767128e-02 9.939999999999999947e-01 8.169999999999999485e-01
3.647548388511998854e-04 2.884449742064086261e-02 9.995000000000000551e-01 8.219999999999999529e-01
1.086917375959647707e-03 2.841931747105760561e-02 9.949999999999999956e-01 8.209999999999999520e-01
1.206314261465964762e-04 2.852387479948286994e-02 1.000000000000000000e+00 8.289999999999999591e-01
1.032884173438726461e-03 3.181905913394360297e-02 9.955000000000000515e-01 8.139999999999999458e-01
8.231436752630695575e-04 2.878766854417630014e-02 9.955000000000000515e-01 8.199999999999999512e-01
1.994405755734106247e-03 3.090371541074010339e-02 9.895000000000000462e-01 8.040000000000000480e-01
3.803267260593957153e-04 2.936176991631905819e-02 9.979999999999999982e-01 8.259999999999999565e-01
4.832983066096714153e-04 2.911644008156590718e-02 9.985000000000000542e-01 8.259999999999999565e-01
4.643113372395672928e-04 2.855307024478691974e-02 9.979999999999999982e-01 8.269999999999999574e-01
6.981225349001038329e-04 2.822922788266933602e-02 9.959999999999999964e-01 8.239999999999999547e-01
8.124813161972097887e-04 3.002143263242998059e-02 9.955000000000000515e-01 8.129999999999999449e-01
1.056950656585257378e-03 2.970648972009492031e-02 9.955000000000000515e-01 8.219999999999999529e-01
