5.266612805321838064e-02 5.681134315964811443e-02 7.119999999999999662e-01 6.979999999999999538e-01
3.531176897540456994e-02 3.985881095369937094e-02 7.724999999999999645e-01 7.429999999999999938e-01
2.697832337326191640e-02 3.406310777941314039e-02 8.255000000000000115e-01 7.730000000000000204e-01
2.888040114021084639e-02 3.509414268083532740e-02 7.980000000000000426e-01 7.510000000000000009e-01
2.641676331888938994e-02 3.317623075939646338e-02 8.165000000000000036e-01 7.650000000000000133e-01
2.398804666250878639e-02 3.389798443596151595e-02 8.495000000000000329e-01 7.700000000000000178e-01
2.387081649594839997e-02 3.185447054496138436e-02 8.489999999999999769e-01 7.840000000000000302e-01
2.322512937699841573e-02 3.229174806979277779e-02 8.385000000000000231e-01 7.790000000000000258e-01
2.073033286713030568e-02 3.031212486999872863e-02 8.635000000000000453e-01 7.990000000000000435e-01
1.870628634425883230e-02 2.850980167844751820e-02 8.824999999999999512e-01 8.120000000000000551e-01
1.710879414670370136e-02 2.828819208660155599e-02 8.960000000000000187e-01 8.189999999999999503e-01
1.905227641914163453e-02 2.943512386065341366e-02 8.679999999999999938e-01 7.990000000000000435e-01
1.717479971963001284e-02 2.994203692319675689e-02 8.980000000000000204e-01 8.030000000000000471e-01
1.633206044747972929e-02 2.935239501701916026e-02 8.974999999999999645e-01 8.010000000000000453e-01
1.517917100381416425e-02 2.899432165618539420e-02 9.100000000000000311e-01 8.040000000000000480e-01
1.380541139865700331e-02 2.859833614314499783e-02 9.124999999999999778e-01 8.090000000000000524e-01
1.552582895395080397e-02 2.848479714623624801e-02 9.080000000000000293e-01 8.090000000000000524e-01
1.755481223410226138e-02 2.908433443325015438e-02 8.745000000000000551e-01 8.000000000000000444e-01
1.273512992257189516e-02 2.817704090686645388e-02 9.214999999999999858e-01 8.100000000000000533e-01
1.287886201398221950e-02 2.826008154340116721e-02 9.124999999999999778e-01 8.139999999999999458e-01
1.408573800313627292e-02 2.818370924889829210e-02 9.120000000000000329e-01 8.169999999999999485e-01
1.223797868584305427e-02 2.767160035867613152e-02 9.264999999999999902e-01 8.149999999999999467e-01
1.237515756675752754e-02 2.884418364647493849e-02 9.250000000000000444e-01 8.090000000000000524e-01
1.341404722363691987e-02 2.985296278605221662e-02 9.170000000000000373e-01 7.960000000000000409e-01
1.021530836192377154e-02 2.695061965940877269e-02 9.415000000000000036e-01 8.169999999999999485e-01
1.435979129883119439e-02 3.078975114202961091e-02 9.074999999999999734e-01 8.020000000000000462e-01
1.124913630536367518e-02 2.636449283614097569e-02 9.280000000000000471e-01 8.259999999999999565e-01
1.004775507699094857e-02 2.887337692978225040e-02 9.334999999999999964e-01 8.100000000000000533e-01
9.469346796419992468e-03 2.697069408828313766e-02 9.429999999999999494e-01 8.209999999999999520e-01
1.413316519383610650e-02 3.082724573657648001e-02 9.134999999999999787e-01 7.950000000000000400e-01
9.873372324769379843e-03 2.951036770776695531e-02 9.350000000000000533e-01 8.050000000000000488e-01
7.591864571434970774e-03 2.648575310369495964e-02 9.595000000000000195e-01 8.259999999999999565e-01
7.297143681948941620e-03 2.755570680998739586e-02 9.575000000000000178e-01 8.199999999999999512e-01
7.419596379004711820e-03 2.794780046562905101e-02 9.579999999999999627e-01 8.189999999999999503e-01
9.499902420293145078e-03 2.835277984618835012e-02 9.385000000000000009e-01 8.159999999999999476e-01
6.986079937908356956e-03 2.688842535155626032e-02 9.635000000000000231e-01 8.179999999999999494e-01
7.629654141532094674e-03 2.795510385051401883e-02 9.529999999999999583e-01 8.139999999999999458e-01
5.176047267104576764e-03 2.729687289482711152e-02 9.719999999999999751e-01 8.259999999999999565e-01
8.491229061055909771e-03 2.848597434948437271e-02 9.509999999999999565e-01 8.189999999999999503e-01
7.906471606728058404e-03 2.821628134958223053e-02 9.519999999999999574e-01 8.249999999999999556e-01
6.331208324012954983e-03 2.701882510274285915e-02 9.619999999999999662e-01 8.239999999999999547e-01
1.123215564424669306e-02 3.075391491592522480e-02 9.234999999999999876e-01 8.040000000000000480e-01
9.167049827655978506e-03 2.908636055697319187e-02 9.379999999999999449e-01 8.090000000000000524e-01
5.279039106742524669e-03 2.804420443927787762e-02 9.699999999999999734e-01 8.159999999999999476e-01
7.095570284441241223e-03 2.681506110353372094e-02 9.579999999999999627e-01 8.269999999999999574e-01
5.777662088922935237e-03 2.792364844022450152e-02 9.685000000000000275e-01 8.209999999999999520e-01
6.846171139155774431e-03 2.643621535334064396e-02 9.575000000000000178e-01 8.329999999999999627e-01
5.556418940192574436e-03 2.644986439520480292e-02 9.645000000000000240e-01 8.409999999999999698e-01
4.373090195853106786e-03 2.746042271119552083e-02 9.739999999999999769e-01 8.279999999999999583e-01
3.582991745144744299e-03 2.642145675912442593e-02 9.819999999999999840e-01 8.259999999999999565e-01
7.109109284035723501e-03 3.038978490515726119e-02 9.595000000000000195e-01 8.139999999999999458e-01
3.494702402730175735e-03 2.524027686156585931e-02 9.819999999999999840e-01 8.359999999999999654e-01
8.091533639169680436e-03 2.797687028107205889e-02 9.419999999999999485e-01 8.129999999999999449e-01
3.882845837183166327e-03 2.704879387254429182e-02 9.789999999999999813e-01 8.289999999999999591e-01
8.158185775006012580e-03 3.096130324595822506e-02 9.459999999999999520e-01 8.110000000000000542e-01
4.708374657666709699e-03 2.814493649492429139e-02 9.735000000000000320e-01 8.259999999999999565e-01
4.051425203666312973e-03 2.658353585337371386e-02 9.775000000000000355e-01 8.369999999999999662e-01
6.199654534685531716e-03 2.919446503287889683e-02 9.565000000000000169e-01 8.139999999999999458e-01
3.406761014536574973e-03 2.690992350746672715e-02 9.805000000000000382e-01 8.289999999999999591e-01
5.045018114475185479e-03 2.900501823309917931e-02 9.729999999999999760e-01 8.120000000000000551e-01
5.200251915650867980e-03 2.936429043379206946e-02 9.685000000000000275e-01 8.169999999999999485e-01
3.733601175216395666e-03 2.821358409131590264e-02 9.805000000000000382e-01 8.219999999999999529e-01
2.616990441969897340e-03 2.668054734978186557e-02 9.855000000000000426e-01 8.329999999999999627e-01
3.817304452220626060e-03 2.928855867772318933e-02 9.765000000000000346e-01 8.189999999999999503e-01
2.983228530579200462e-03 2.839525946452888666e-02 9.819999999999999840e-01 8.249999999999999556e-01
6.613721143738111180e-03 2.877919014191324468e-02 9.539999999999999591e-01 8.169999999999999485e-01
3.170511141416686076e-03 2.722154390713373007e-02 9.865000000000000435e-01 8.229999999999999538e-01
3.293244513974041571e-03 2.750891582638480617e-02 9.825000000000000400e-01 8.349999999999999645e-01
4.571182766728212193e-03 2.704063593862858841e-02 9.745000000000000329e-01 8.259999999999999565e-01
6.254147328413634660e-03 2.986262546541390214e-02 9.609999999999999654e-01 8.189999999999999503e-01
4.730226489919744232e-03 2.964474645985414394e-02 9.745000000000000329e-01 8.169999999999999485e-01
4.383846360907164667e-03 2.784313246388960689e-02 9.755000000000000338e-01 8.199999999999999512e-01
4.882658607602728337e-03 3.017188041639320278e-02 9.725000000000000311e-01 8.050000000000000488e-01
2.199044225971389429e-03 2.615527813649139166e-02 9.879999999999999893e-01 8.389999999999999680e-01
3.619095560100019007e-03 2.924659005171696344e-02 9.769999999999999796e-01 8.149999999999999467e-01
3.641110307005412331e-03 2.805802221931694498e-02 9.785000000000000364e-01 8.349999999999999645e-01
4.149428350267179121e-03 2.930165854058562960e-02 9.739999999999999769e-01 8.249999999999999556e-01
3.794040526895271596e-03 2.890327066807669293e-02 9.805000000000000382e-01 8.229999999999999538e-01
3.809864994376766303e-03 2.938188494535485737e-02 9.755000000000000338e-01 8.239999999999999547e-01
2.731110256609398362e-03 2.844974822067856610e-02 9.849999999999999867e-01 8.159999999999999476e-01
3.704473244118869878e-03 3.067672229695662597e-02 9.805000000000000382e-01 8.179999999999999494e-01
6.912168169243074201e-03 3.169906937346098075e-02 9.559999999999999609e-01 8.030000000000000471e-01
1.939520844385639450e-03 2.735268395701631952e-02 9.915000000000000480e-01 8.269999999999999574e-01
2.036183767287541666e-03 2.766850758680041225e-02 9.889999999999999902e-01 8.269999999999999574e-01
5.593358608745458219e-03 3.102689538646703077e-02 9.649999999999999689e-01 8.139999999999999458e-01
3.291985212737021885e-03 2.855728531473903861e-02 9.809999999999999831e-01 8.179999999999999494e-01
2.878274633848101720e-03 2.788719665349883095e-02 9.825000000000000400e-01 8.329999999999999627e-01
1.578777985880408302e-03 2.681904532380675540e-02 9.925000000000000488e-01 8.299999999999999600e-01
2.861839054876482834e-03 2.940711303464353318e-02 9.895000000000000462e-01 8.100000000000000533e-01
1.347426427395468501e-03 2.791795654485465517e-02 9.929999999999999938e-01 8.259999999999999565e-01
1.094575671635450789e-03 2.749392465703977967e-02 9.955000000000000515e-01 8.279999999999999583e-01
2.770471239227712337e-03 2.997500002890514034e-02 9.869999999999999885e-01 8.169999999999999485e-01
1.881444301700026418e-03 2.794928197462981379e-02 9.899999999999999911e-01 8.309999999999999609e-01
4.233515044109396885e-03 3.048889503983597329e-02 9.749999999999999778e-01 8.060000000000000497e-01
3.293092873771806279e-03 2.976799161102241034e-02 9.809999999999999831e-01 8.249999999999999556e-01
1.677562927252620887e-03 2.799603054298653582e-02 9.925000000000000488e-01 8.299999999999999600e-01
2.936372466081019726e-03 2.961913876697676654e-02 9.815000000000000391e-01 8.110000000000000542e-01
2.782911116053597179e-03 2.974126324792075726e-02 9.839999999999999858e-01 8.110000000000000542e-01
2.977283691566368681e-03 2.956030791876533906e-02 9.829999999999999849e-01 8.169999999999999485e-01
7.417561652779912622e-04 2.768920402626545013e-02 9.975000000000000533e-01 8.259999999999999565e-01
6.594625816519755247e-03 3.249827747036264369e-02 9.569999999999999618e-01 7.990000000000000435e-01
5.448948225335855343e-03 2.984007247980945826e-02 9.669999999999999707e-01 8.149999999999999467e-01
3.911172621865671023e-03 3.044839105481454006e-02 9.739999999999999769e-01 8.179999999999999494e-01
1.758012385436095570e-03 2.933513520979241784e-02 9.905000000000000471e-01 8.139999999999999458e-01
8.420060379471917909e-04 2.806959415698902227e-02 9.955000000000000515e-01 8.279999999999999583e-01
1.463809192178931783e-03 2.797491831128707043e-02 9.929999999999999938e-01 8.329999999999999627e-01
3.884572155704074832e-03 2.999259235337501175e-02 9.785000000000000364e-01 8.189999999999999503e-01
1.551440973590868366e-03 2.745867288232083786e-02 9.925000000000000488e-01 8.339999999999999636e-01
2.627370368105470550e-03 2.862784496425216374e-02 9.839999999999999858e-01 8.209999999999999520e-01
2.672187107186335675e-03 2.973926674993062833e-02 9.839999999999999858e-01 8.169999999999999485e-01
5.439865704688569108e-03 2.900245932075564553e-02 9.619999999999999662e-01 8.239999999999999547e-01
8.629184925587409264e-04 2.804659257572071629e-02 9.959999999999999964e-01 8.259999999999999565e-01
1.331456149516811001e-03 3.025796975914257780e-02 9.965000000000000524e-01 8.090000000000000524e-01
1.502529894533281710e-03 2.973139203357645644e-02 9.925000000000000488e-01 8.129999999999999449e-01
1.924701147539772733e-03 2.995795099852843063e-02 9.869999999999999885e-01 8.179999999999999494e-01
1.341807609928951728e-03 2.893054948873012219e-02 9.935000000000000497e-01 8.219999999999999529e-01
3.216672943620585597e-03 3.151345761942462437e-02 9.815000000000000391e-01 8.050000000000000488e-01
1.898548776252715654e-03 2.830066586479040164e-02 9.889999999999999902e-01 8.319999999999999618e-01
1.417107378559936352e-03 2.895684352707323869e-02 9.905000000000000471e-01 8.199999999999999512e-01
1.427233265414819437e-03 2.803493077034499917e-02 9.925000000000000488e-01 8.209999999999999520e-01
1.355565784127708276e-03 2.989943649039277646e-02 9.935000000000000497e-01 8.179999999999999494e-01
6.307075274054668376e-03 3.228236927687183622e-02 9.595000000000000195e-01 7.980000000000000426e-01
3.700738560499348181e-03 2.955564830771761561e-02 9.795000000000000373e-01 8.159999999999999476e-01
9.159607387491662837e-04 2.841710945940841351e-02 9.965000000000000524e-01 8.169999999999999485e-01
1.126059646882254578e-03 2.787704680529533990e-02 9.959999999999999964e-01 8.229999999999999538e-01
3.426489093003600491e-03 2.974686314035070514e-02 9.805000000000000382e-01 8.139999999999999458e-01
2.635970224270225721e-03 2.931544519254393813e-02 9.839999999999999858e-01 8.219999999999999529e-01
7.691395903363985355e-04 2.920312573615667026e-02 9.969999999999999973e-01 8.219999999999999529e-01
1.159836571494427329e-03 2.806267636367687154e-02 9.929999999999999938e-01 8.329999999999999627e-01
4.249112175919971500e-03 3.063843418866454837e-02 9.755000000000000338e-01 8.129999999999999449e-01
1.049882445937955645e-03 2.790465643739204957e-02 9.949999999999999956e-01 8.309999999999999609e-01
1.003760283485723636e-03 2.851516639248632273e-02 9.945000000000000506e-01 8.269999999999999574e-01
2.989716573049368276e-03 3.013963902147040116e-02 9.819999999999999840e-01 8.120000000000000551e-01
5.351154352486537031e-04 2.834639382532625276e-02 9.985000000000000542e-01 8.229999999999999538e-01
2.070689261664284547e-03 2.841482895569343373e-02 9.869999999999999885e-01 8.279999999999999583e-01
2.895852756013833108e-03 2.910496910016406244e-02 9.835000000000000409e-01 8.159999999999999476e-01
6.939127532639848689e-03 3.305347589735534858e-02 9.549999999999999600e-01 8.060000000000000497e-01
8.054627401889712665e-04 2.725417819718697551e-02 9.975000000000000533e-01 8.199999999999999512e-01
4.840244957155761391e-03 3.323249698266841218e-02 9.685000000000000275e-01 7.900000000000000355e-01
9.419068783039510027e-04 2.937198486471894604e-02 9.949999999999999956e-01 8.120000000000000551e-01
1.931311487265808657e-03 2.899540422084989633e-02 9.919999999999999929e-01 8.209999999999999520e-01
2.504378167715200915e-03 2.982469863793809836e-02 9.839999999999999858e-01 8.100000000000000533e-01
1.009592199635353732e-03 2.972836338723580663e-02 9.945000000000000506e-01 8.179999999999999494e-01
1.076815496916226763e-03 2.908011882304802065e-02 9.959999999999999964e-01 8.219999999999999529e-01
5.465588260786503026e-04 2.796470149277727885e-02 9.985000000000000542e-01 8.239999999999999547e-01
7.846570471049679491e-04 2.884986033477525760e-02 9.955000000000000515e-01 8.219999999999999529e-01
6.511777208605595748e-04 2.769991082576320207e-02 9.969999999999999973e-01 8.289999999999999591e-01
7.994209118242677969e-04 2.816815744299391855e-02 9.969999999999999973e-01 8.249999999999999556e-01
1.175249319416082515e-03 2.923022414594382209e-02 9.935000000000000497e-01 8.100000000000000533e-01
2.472704718502857519e-03 3.043972031156803176e-02 9.879999999999999893e-01 8.159999999999999476e-01
1.963419019633084323e-03 2.975487299465497809e-02 9.885000000000000453e-01 8.199999999999999512e-01
1.093445947012608704e-03 2.892501953358888461e-02 9.939999999999999947e-01 8.299999999999999600e-01
1.100102649155285019e-03 2.910527090920119950e-02 9.935000000000000497e-01 8.199999999999999512e-01
9.653606478382771236e-04 2.841113442968665886e-02 9.965000000000000524e-01 8.199999999999999512e-01
2.270986911760501312e-03 2.987237559861580932e-02 9.859999999999999876e-01 8.199999999999999512e-01
7.977635860803285271e-04 2.827682013278531512e-02 9.965000000000000524e-01 8.209999999999999520e-01
4.491521989665991357e-04 2.695509247543664139e-02 9.989999999999999991e-01 8.299999999999999600e-01
1.249788258705553882e-03 2.861002488196406207e-02 9.935000000000000497e-01 8.229999999999999538e-01
3.119578153529588803e-03 3.021053695338211942e-02 9.809999999999999831e-01 8.159999999999999476e-01
3.056111392247647367e-03 2.980041302011751311e-02 9.809999999999999831e-01 8.169999999999999485e-01
3.836436657763191388e-04 2.888984884105363915e-02 9.989999999999999991e-01 8.179999999999999494e-01
1.379716734684879572e-03 2.902571999977787004e-02 9.939999999999999947e-01 8.169999999999999485e-01
3.605756265956119866e-03 3.069811964111780755e-02 9.795000000000000373e-01 8.179999999999999494e-01
7.854892669264886169e-04 2.936032580149201821e-02 9.969999999999999973e-01 8.129999999999999449e-01
7.014916747874018954e-04 2.820451642704050604e-02 9.975000000000000533e-01 8.209999999999999520e-01
1.724417540621494193e-03 2.788674190366653705e-02 9.895000000000000462e-01 8.239999999999999547e-01
5.818825863015442438e-04 2.865085305697142107e-02 9.989999999999999991e-01 8.209999999999999520e-01
1.415542581900750127e-03 2.841772269167049114e-02 9.919999999999999929e-01 8.259999999999999565e-01
1.624274244156753613e-03 2.968935539242259156e-02 9.925000000000000488e-01 8.199999999999999512e-01
1.006534880937516195e-03 2.860039786224713790e-02 9.945000000000000506e-01 8.269999999999999574e-01
7.881182312781943823e-04 2.945815677731298404e-02 9.975000000000000533e-01 8.149999999999999467e-01
5.325539167889227271e-04 2.793366257278336040e-02 9.995000000000000551e-01 8.259999999999999565e-01
8.412914570198687597e-04 2.839480592662197919e-02 9.955000000000000515e-01 8.269999999999999574e-01
3.978291446604766742e-04 2.813607915376634475e-02 9.995000000000000551e-01 8.169999999999999485e-01
6.049005157286946798e-04 3.038498709308208937e-02 9.975000000000000533e-01 8.080000000000000515e-01
4.640321677482732443e-04 2.902478989159792619e-02 9.985000000000000542e-01 8.229999999999999538e-01
1.312603174368254938e-03 2.931831187523034274e-02 9.935000000000000497e-01 8.149999999999999467e-01
4.936123966255544920e-04 2.850268352897368171e-02 9.995000000000000551e-01 8.279999999999999583e-01
7.817975539021861445e-04 2.838439209719675199e-02 9.965000000000000524e-01 8.199999999999999512e-01
5.895197409097812724e-04 2.745170751907220416e-02 9.975000000000000533e-01 8.249999999999999556e-01
1.020580032573397897e-02 3.273583515496573948e-02 9.354999999999999982e-01 8.030000000000000471e-01
2.599248163506550063e-03 2.737669562962094169e-02 9.839999999999999858e-01 8.349999999999999645e-01
3.051451070708323041e-03 3.105306951656764194e-02 9.815000000000000391e-01 8.110000000000000542e-01
4.499836589819755867e-04 2.833963280204506580e-02 9.989999999999999991e-01 8.209999999999999520e-01
1.391534076508161178e-03 2.839698378261203832e-02 9.919999999999999929e-01 8.159999999999999476e-01
6.707010811216855203e-03 3.326841615524418067e-02 9.565000000000000169e-01 8.030000000000000471e-01
1.137187405793342295e-03 2.864153860898898188e-02 9.945000000000000506e-01 8.199999999999999512e-01
6.910166912667647758e-04 2.890818521700988519e-02 9.979999999999999982e-01 8.239999999999999547e-01
3.619545504679919871e-04 2.901918062543819635e-02 9.995000000000000551e-01 8.189999999999999503e-01
1.246391582072852063e-03 2.984794251367030304e-02 9.929999999999999938e-01 8.159999999999999476e-01
1.076283787556053502e-03 2.823573741415398228e-02 9.939999999999999947e-01 8.269999999999999574e-01
6.100699571769924818e-04 2.872916289106952278e-02 9.975000000000000533e-01 8.249999999999999556e-01
1.083495282378831330e-03 3.008277653398376897e-02 9.965000000000000524e-01 8.189999999999999503e-01
9.859686525581471024e-04 2.923457465170026942e-02 9.965000000000000524e-01 8.139999999999999458e-01
4.609017244594735933e-03 3.166588260054860327e-02 9.715000000000000302e-01 8.060000000000000497e-01
2.158522024869350461e-03 3.028166650705367557e-02 9.879999999999999893e-01 8.080000000000000515e-01
5.020868044220327432e-03 3.126255468711891528e-02 9.709999999999999742e-01 7.950000000000000400e-01
1.628191327201007578e-03 2.831223770349658789e-02 9.945000000000000506e-01 8.219999999999999529e-01
3.519969087310128274e-03 2.967513279335888196e-02 9.795000000000000373e-01 8.169999999999999485e-01
6.231399343313308217e-04 2.821408286932340984e-02 9.979999999999999982e-01 8.209999999999999520e-01
2.940423846791399322e-03 2.986508848326994287e-02 9.815000000000000391e-01 8.239999999999999547e-01
3.900019351933803726e-04 2.911450479273479039e-02 9.985000000000000542e-01 8.219999999999999529e-01
1.520385623078585708e-04 2.912040171713848116e-02 1.000000000000000000e+00 8.159999999999999476e-01
5.173502179621446151e-04 2.862000629539077079e-02 9.975000000000000533e-01 8.239999999999999547e-01
1.799438295598056224e-03 3.050866245605012711e-02 9.895000000000000462e-01 8.129999999999999449e-01
1.337127641293093085e-03 2.840061247999065008e-02 9.925000000000000488e-01 8.319999999999999618e-01
4.415727180968841950e-04 2.889554585822727908e-02 9.985000000000000542e-01 8.229999999999999538e-01
3.282239170730312430e-03 2.948670703490889264e-02 9.805000000000000382e-01 8.239999999999999547e-01
4.009000830510538681e-04 2.763419363904378104e-02 9.985000000000000542e-01 8.199999999999999512e-01
4.277495414020152337e-04 2.930212005108299989e-02 9.995000000000000551e-01 8.209999999999999520e-01
3.788760785200770463e-04 2.907007708887587513e-02 9.989999999999999991e-01 8.229999999999999538e-01
1.652315725352693828e-03 3.049638384493971385e-02 9.905000000000000471e-01 8.179999999999999494e-01
5.367346032150211582e-03 3.112520185223081187e-02 9.685000000000000275e-01 8.090000000000000524e-01
2.229499146746141518e-03 2.881025558491883895e-02 9.889999999999999902e-01 8.219999999999999529e-01
7.240973618578969888e-04 2.811556317674300531e-02 9.959999999999999964e-01 8.259999999999999565e-01
1.587401189067211543e-03 2.890760148241254199e-02 9.919999999999999929e-01 8.199999999999999512e-01
9.743863506047901460e-04 2.907094433489517196e-02 9.945000000000000506e-01 8.189999999999999503e-01
5.525230354843693173e-04 2.789801844866619807e-02 9.995000000000000551e-01 8.289999999999999591e-01
1.501758305503134465e-03 2.972506169119742622e-02 9.909999999999999920e-01 8.139999999999999458e-01
6.309935740544423766e-04 2.864473691801712810e-02 9.975000000000000533e-01 8.189999999999999503e-01
5.392172147312862844e-04 2.873168523404969962e-02 9.979999999999999982e-01 8.239999999999999547e-01
7.127541491998594034e-04 2.947054363735840052e-02 9.969999999999999973e-01 8.179999999999999494e-01
2.004352625433026593e-03 3.010846311992051993e-02 9.879999999999999893e-01 8.199999999999999512e-01
4.481464766515859573e-03 3.068447837815185125e-02 9.709999999999999742e-01 8.120000000000000551e-01
4.574514482374515993e-04 2.854989872326292935e-02 9.995000000000000551e-01 8.259999999999999565e-01
2.849339305549580315e-04 2.845283181086313840e-02 9.995000000000000551e-01 8.209999999999999520e-01
5.561826581690052645e-03 3.227491509498020550e-02 9.685000000000000275e-01 8.080000000000000515e-01
2.539463798762059150e-03 3.025187774665527227e-02 9.859999999999999876e-01 8.060000000000000497e-01
1.537048268884365788e-03 3.033218425705749149e-02 9.919999999999999929e-01 8.110000000000000542e-01
3.291372239135555741e-04 2.905021651260502810e-02 9.985000000000000542e-01 8.209999999999999520e-01
1.479823678633852141e-03 2.853126199978384472e-02 9.939999999999999947e-01 8.179999999999999494e-01
4.107412428578373700e-03 2.990257577732916006e-02 9.735000000000000320e-01 8.060000000000000497e-01
1.727950334826988416e-03 2.871449206922171635e-02 9.915000000000000480e-01 8.159999999999999476e-01
1.688424381763451365e-04 2.791384648008196287e-02 1.000000000000000000e+00 8.299999999999999600e-01
6.511381493262772538e-04 2.840963123202411636e-02 9.975000000000000533e-01 8.239999999999999547e-01
7.337611569047969729e-04 2.980879128579406318e-02 9.969999999999999973e-01 8.110000000000000542e-01
1.005917153626989654e-03 2.854620704639635950e-02 9.965000000000000524e-01 8.279999999999999583e-01
6.928988784531624852e-04 2.826611384335290730e-02 9.959999999999999964e-01 8.179999999999999494e-01
2.484805920476163693e-03 2.882845758458356042e-02 9.859999999999999876e-01 8.229999999999999538e-01
1.181989492537472656e-03 2.815688206208550801e-02 9.949999999999999956e-01 8.239999999999999547e-01
1.582791521531616780e-03 2.972879444131752355e-02 9.915000000000000480e-01 8.139999999999999458e-01
2.375497088057967887e-03 2.985762579956352872e-02 9.845000000000000417e-01 8.110000000000000542e-01
3.326686707554348584e-03 3.083768146801499008e-02 9.815000000000000391e-01 8.159999999999999476e-01
9.747310069896899165e-04 2.893953752464300394e-02 9.955000000000000515e-01 8.199999999999999512e-01
6.538031080772320610e-04 2.789073137136742833e-02 9.979999999999999982e-01 8.309999999999999609e-01
6.611106231473422301e-03 3.122279806105523331e-02 9.605000000000000204e-01 7.990000000000000435e-01
1.195213704792429804e-03 2.784627805654764712e-02 9.959999999999999964e-01 8.299999999999999600e-01
4.775429538714159525e-03 3.148710341164832893e-02 9.695000000000000284e-01 8.030000000000000471e-01
2.076313948224499557e-03 3.046248738108287696e-02 9.875000000000000444e-01 8.149999999999999467e-01
9.241897775007796439e-04 2.910582407298005145e-02 9.945000000000000506e-01 8.269999999999999574e-01
5.617901224068940283e-03 3.116228374038324325e-02 9.635000000000000231e-01 8.100000000000000533e-01
1.578279462398204285e-03 2.899103078675047823e-02 9.909999999999999920e-01 8.189999999999999503e-01
2.347693470088350279e-03 2.957997593199522893e-02 9.849999999999999867e-01 8.189999999999999503e-01
8.471955687965407062e-04 2.908826161143971203e-02 9.975000000000000533e-01 8.209999999999999520e-01
6.277168255970373006e-04 2.954179659866230240e-02 9.975000000000000533e-01 8.199999999999999512e-01
8.655952313302494802e-04 2.848649457688201894e-02 9.955000000000000515e-01 8.309999999999999609e-01
1.343957549940678507e-03 2.933822175812705879e-02 9.919999999999999929e-01 8.239999999999999547e-01
8.461219631329452767e-04 2.922268065592979400e-02 9.955000000000000515e-01 8.139999999999999458e-01
1.736183922555391539e-03 3.066561325725910420e-02 9.919999999999999929e-01 8.139999999999999458e-01
2.497308085975985287e-04 2.923698730466225623e-02 1.000000000000000000e+00 8.189999999999999503e-01
4.232514923991921433e-04 2.963135370862461301e-02 9.979999999999999982e-01 8.139999999999999458e-01
1.004599214130682486e-03 3.009308253743793807e-02 9.965000000000000524e-01 8.100000000000000533e-01
6.791281605352344347e-03 3.351624142900611752e-02 9.515000000000000124e-01 7.910000000000000364e-01
1.394047440718712864e-03 2.889485198468201912e-02 9.925000000000000488e-01 8.189999999999999503e-01
4.634909941455910942e-04 2.842738429577730541e-02 9.995000000000000551e-01 8.259999999999999565e-01
4.964307538289583098e-04 2.826471174123914784e-02 9.979999999999999982e-01 8.169999999999999485e-01
1.431777886270771145e-03 3.045446134471321148e-02 9.939999999999999947e-01 8.080000000000000515e-01
1.878159005100245435e-03 3.028413312689920769e-02 9.879999999999999893e-01 8.139999999999999458e-01
4.623961482267528213e-03 3.338401971601701046e-02 9.689999999999999725e-01 7.880000000000000338e-01
2.862467198678473462e-03 3.137759510357731457e-02 9.805000000000000382e-01 8.100000000000000533e-01
9.266148071857473623e-04 2.982938451313646780e-02 9.959999999999999964e-01 8.139999999999999458e-01
1.123159730628917052e-03 3.034378091856110987e-02 9.949999999999999956e-01 8.149999999999999467e-01
2.316568160188178880e-03 3.036260412505114789e-02 9.865000000000000435e-01 8.110000000000000542e-01
7.028058228737290398e-04 2.923794968464123525e-02 9.959999999999999964e-01 8.179999999999999494e-01
2.177068219951457106e-03 3.102975626511997667e-02 9.879999999999999893e-01 8.050000000000000488e-01
9.444450739889781671e-04 2.929734643095596378e-02 9.965000000000000524e-01 8.110000000000000542e-01
4.253456339565868665e-04 2.836135840225906604e-02 9.989999999999999991e-01 8.219999999999999529e-01
7.733022994166261670e-04 2.805450748360763247e-02 9.979999999999999982e-01 8.219999999999999529e-01
4.272810654163785899e-04 2.968018101893808713e-02 9.985000000000000542e-01 8.169999999999999485e-01
7.876257191235148817e-04 3.029516265916414042e-02 9.979999999999999982e-01 8.179999999999999494e-01
1.788431642895687472e-04 2.915402001225169196e-02 1.000000000000000000e+00 8.209999999999999520e-01
4.031503787017214719e-04 3.015084492696415777e-02 9.979999999999999982e-01 8.159999999999999476e-01
2.572709288667911470e-03 3.076772970046361480e-02 9.839999999999999858e-01 8.159999999999999476e-01
2.272114048005472852e-03 3.030028114979038331e-02 9.885000000000000453e-01 8.040000000000000480e-01
1.031375579139832185e-03 2.927294350673231502e-02 9.955000000000000515e-01 8.239999999999999547e-01
2.043909212556335384e-03 3.128290623320008346e-02 9.879999999999999893e-01 8.000000000000000444e-01
4.451666981589980478e-04 2.922679431478555911e-02 9.995000000000000551e-01 8.249999999999999556e-01
7.526070468902458900e-04 3.021419970948528710e-02 9.959999999999999964e-01 8.139999999999999458e-01
3.075653518519634588e-03 3.124441025424325169e-02 9.805000000000000382e-01 8.070000000000000506e-01
1.077234388807232985e-03 2.910243964159961796e-02 9.939999999999999947e-01 8.120000000000000551e-01
2.600018952223573376e-03 3.120183389066784677e-02 9.879999999999999893e-01 8.000000000000000444e-01
1.010072381278148256e-03 3.015424073327361773e-02 9.949999999999999956e-01 8.129999999999999449e-01
2.457574678716522784e-03 3.035671568617166402e-02 9.869999999999999885e-01 8.139999999999999458e-01
3.070444060258306455e-03 3.151633659678421129e-02 9.819999999999999840e-01 8.080000000000000515e-01
2.574629786910499589e-03 3.039459445393142070e-02 9.859999999999999876e-01 8.129999999999999449e-01
2.519375511728533593e-03 2.996467550711913799e-02 9.829999999999999849e-01 8.159999999999999476e-01
6.405029131996392133e-04 2.849797856971730478e-02 9.975000000000000533e-01 8.209999999999999520e-01
3.644930608043898111e-04 2.761938757193282273e-02 9.985000000000000542e-01 8.219999999999999529e-01
1.714389124147540529e-03 3.109084754323010458e-02 9.899999999999999911e-01 8.100000000000000533e-01
1.621867996507462845e-03 3.155948852731454979e-02 9.939999999999999947e-01 7.960000000000000409e-01
3.939898211244868983e-04 2.966311595551229460e-02 1.000000000000000000e+00 8.209999999999999520e-01
2.429994618387229001e-03 3.115859896718602140e-02 9.839999999999999858e-01 8.100000000000000533e-01
4.856253797305067933e-03 3.043487781192424566e-02 9.695000000000000284e-01 8.110000000000000542e-01
6.325766967175496837e-04 2.801470095980369140e-02 9.979999999999999982e-01 8.249999999999999556e-01
3.059140600049579375e-04 2.919187206869584134e-02 9.989999999999999991e-01 8.169999999999999485e-01
7.652046863574999292e-04 3.015037145771730029e-02 9.985000000000000542e-01 8.100000000000000533e-01
5.847536913955314608e-04 2.974134071254687373e-02 9.965000000000000524e-01 8.149999999999999467e-01
2.943948233254773186e-03 3.034871037956559173e-02 9.825000000000000400e-01 8.110000000000000542e-01
1.795238113055046009e-03 2.997938093136647691e-02 9.899999999999999911e-01 8.159999999999999476e-01
3.578580180519166064e-03 2.908596797810924367e-02 9.789999999999999813e-01 8.199999999999999512e-01
3.097298535053781728e-03 3.090489580613775544e-02 9.825000000000000400e-01 8.110000000000000542e-01
2.919156668623362847e-03 3.071669487766185563e-02 9.819999999999999840e-01 8.050000000000000488e-01
1.018610352440717107e-03 2.956035861864100486e-02 9.959999999999999964e-01 8.219999999999999529e-01
4.401706473046058401e-04 2.877535742723030115e-02 9.989999999999999991e-01 8.249999999999999556e-01
1.472206991790430590e-03 2.895858981726378428e-02 9.919999999999999929e-01 8.239999999999999547e-01
1.057648662452353831e-02 3.353157571067259812e-02 9.364999999999999991e-01 7.940000000000000391e-01
3.952922158190430254e-04 2.819381640749758777e-02 9.995000000000000551e-01 8.319999999999999618e-01
1.016876629200030727e-03 2.910723976017940903e-02 9.935000000000000497e-01 8.209999999999999520e-01
2.182573299797696369e-03 3.120131458369064525e-02 9.865000000000000435e-01 8.169999999999999485e-01
1.424559624885549114e-04 2.830420994983061378e-02 1.000000000000000000e+00 8.269999999999999574e-01
4.902548822523802819e-04 2.796234905381118213e-02 9.989999999999999991e-01 8.309999999999999609e-01
1.614975034778829495e-04 2.821765814900727490e-02 1.000000000000000000e+00 8.269999999999999574e-01
1.586126279522458171e-04 2.831418430035859482e-02 1.000000000000000000e+00 8.259999999999999565e-01
1.651403033966914857e-03 3.072845356403893294e-02 9.925000000000000488e-01 8.120000000000000551e-01
8.840180348469217674e-04 2.898281806695787374e-02 9.959999999999999964e-01 8.259999999999999565e-01
8.042978582706828642e-04 2.935641810644336672e-02 9.965000000000000524e-01 8.249999999999999556e-01
3.295217951713335551e-04 2.914042014917605367e-02 9.995000000000000551e-01 8.179999999999999494e-01
3.925732073168673513e-04 2.843361718212498654e-02 9.979999999999999982e-01 8.229999999999999538e-01
4.977026337777409404e-04 2.795372820172965442e-02 9.985000000000000542e-01 8.279999999999999583e-01
2.837025337851737002e-03 3.090065886055234218e-02 9.805000000000000382e-01 8.110000000000000542e-01
1.454901870038040725e-03 2.947185385424606896e-02 9.915000000000000480e-01 8.199999999999999512e-01
3.863148168048723434e-04 2.883766705817345302e-02 1.000000000000000000e+00 8.209999999999999520e-01
2.867200708361380816e-04 2.911675549237472890e-02 9.995000000000000551e-01 8.179999999999999494e-01
3.565459531310958543e-04 2.890438177382103485e-02 9.995000000000000551e-01 8.229999999999999538e-01
1.432767355616756900e-03 2.958642801908361458e-02 9.929999999999999938e-01 8.209999999999999520e-01
2.924634847160575805e-03 3.241762644738034604e-02 9.815000000000000391e-01 8.060000000000000497e-01
3.581994482393127091e-04 2.859904044490067451e-02 9.995000000000000551e-01 8.249999999999999556e-01
4.051756140613178760e-04 2.868795494675110275e-02 9.985000000000000542e-01 8.229999999999999538e-01
9.231596005426121691e-04 2.960958883133892050e-02 9.945000000000000506e-01 8.189999999999999503e-01
5.039663489902955441e-04 3.015725607974254624e-02 9.969999999999999973e-01 8.139999999999999458e-01
1.961356403837740629e-03 3.059314546244722849e-02 9.875000000000000444e-01 8.139999999999999458e-01
5.391999591786006667e-04 2.896013414505337058e-02 9.975000000000000533e-01 8.229999999999999538e-01
9.580503602328860595e-04 2.966238402613965291e-02 9.959999999999999964e-01 8.169999999999999485e-01
8.978040931159641429e-04 3.024283463945032571e-02 9.959999999999999964e-01 8.120000000000000551e-01
1.752545031918422216e-03 3.059726316221522344e-02 9.895000000000000462e-01 8.060000000000000497e-01
1.352361388198730814e-03 2.993793014002235284e-02 9.939999999999999947e-01 8.199999999999999512e-01
2.148656245439201171e-04 2.790783968250322086e-02 9.995000000000000551e-01 8.249999999999999556e-01
3.181496918168764021e-04 2.848948147329310662e-02 9.995000000000000551e-01 8.179999999999999494e-01
1.117595138904762132e-03 2.935442702605831761e-02 9.939999999999999947e-01 8.169999999999999485e-01
6.621560923519671186e-04 3.005636228702361981e-02 9.965000000000000524e-01 8.110000000000000542e-01
7.088074811077287344e-04 2.845278706601609559e-02 9.959999999999999964e-01 8.199999999999999512e-01
1.283398127905219666e-03 2.873902964217156866e-02 9.929999999999999938e-01 8.189999999999999503e-01
1.160638576651469925e-03 2.975225625143495048e-02 9.919999999999999929e-01 8.199999999999999512e-01
1.456126703452786551e-03 2.765639181019226983e-02 9.919999999999999929e-01 8.299999999999999600e-01
9.565386165169619892e-04 2.867199184939771620e-02 9.945000000000000506e-01 8.209999999999999520e-01
6.168854808676123985e-04 2.905110739392748054e-02 9.969999999999999973e-01 8.279999999999999583e-01
3.207694142598415906e-04 2.953587307001891843e-02 9.995000000000000551e-01 8.219999999999999529e-01
5.640744122564659646e-04 2.980929272358989746e-02 9.965000000000000524e-01 8.189999999999999503e-01
1.013236940221897212e-02 3.407281565728136757e-02 9.350000000000000533e-01 7.860000000000000320e-01
6.060941835323897537e-04 2.800469625141429469e-02 9.979999999999999982e-01 8.249999999999999556e-01
3.826327849197993418e-04 2.896670768011002164e-02 9.985000000000000542e-01 8.209999999999999520e-01
2.798084892357691374e-03 3.035595909957530814e-02 9.815000000000000391e-01 8.110000000000000542e-01
7.320546058297189599e-04 2.886142828783518424e-02 9.969999999999999973e-01 8.239999999999999547e-01
4.013870239881866110e-04 2.781115065502924588e-02 9.985000000000000542e-01 8.229999999999999538e-01
1.169936765848829992e-03 2.996213400737980648e-02 9.935000000000000497e-01 8.080000000000000515e-01
6.217014939273597359e-04 2.852139969118177437e-02 9.985000000000000542e-01 8.179999999999999494e-01
1.026762466400662089e-03 3.008015311271566850e-02 9.955000000000000515e-01 8.149999999999999467e-01
3.080672812957365174e-04 2.921236524088153055e-02 9.995000000000000551e-01 8.179999999999999494e-01
1.197153272703843510e-03 2.959134570836124620e-02 9.915000000000000480e-01 8.139999999999999458e-01
3.965342268801534805e-04 2.895029744431057081e-02 9.989999999999999991e-01 8.249999999999999556e-01
1.936410298176820862e-03 3.108652134594149311e-02 9.895000000000000462e-01 8.090000000000000524e-01
5.131309630164095515e-04 2.923909676630612881e-02 9.979999999999999982e-01 8.229999999999999538e-01
3.849361426238666253e-03 3.004092881438845744e-02 9.729999999999999760e-01 8.179999999999999494e-01
2.622904214166811576e-03 3.125049943706974948e-02 9.845000000000000417e-01 8.129999999999999449e-01
4.472761774921353226e-03 3.048901398320742404e-02 9.709999999999999742e-01 8.080000000000000515e-01
1.201207108787494997e-03 2.870955851989299284e-02 9.935000000000000497e-01 8.259999999999999565e-01
4.935189105763544172e-04 2.867784847829880218e-02 9.975000000000000533e-01 8.189999999999999503e-01
9.976124666355831901e-04 2.890754477297232880e-02 9.955000000000000515e-01 8.249999999999999556e-01
1.583412570904577273e-03 2.848078369061497750e-02 9.909999999999999920e-01 8.249999999999999556e-01
3.884019256368323437e-04 2.784150629701673610e-02 9.995000000000000551e-01 8.269999999999999574e-01
8.209029277625955710e-04 2.924566155698699391e-02 9.955000000000000515e-01 8.179999999999999494e-01
1.169542302947744342e-03 2.920030415770214632e-02 9.945000000000000506e-01 8.269999999999999574e-01
9.573622589037711567e-04 2.804251830807318047e-02 9.955000000000000515e-01 8.269999999999999574e-01
3.084839673388691406e-03 3.105679190924593575e-02 9.839999999999999858e-01 8.050000000000000488e-01
1.817835580460119924e-03 2.951067303240618653e-02 9.905000000000000471e-01 8.080000000000000515e-01
4.520733638825402494e-04 2.853405268251053839e-02 9.979999999999999982e-01 8.199999999999999512e-01
4.723057366594085615e-04 2.915870344291799851e-02 9.975000000000000533e-01 8.179999999999999494e-01
7.488486735769779232e-04 2.888589886997228878e-02 9.965000000000000524e-01 8.249999999999999556e-01
1.619889622786953309e-03 2.986195855552255252e-02 9.929999999999999938e-01 8.169999999999999485e-01
3.735415435149985232e-03 3.203258425183665853e-02 9.775000000000000355e-01 8.110000000000000542e-01
7.031651356403144718e-04 2.974290663361641579e-02 9.959999999999999964e-01 8.229999999999999538e-01
2.482047055924397304e-03 3.087066091559765788e-02 9.839999999999999858e-01 8.050000000000000488e-01
1.046778790503591133e-03 3.015439104561924710e-02 9.959999999999999964e-01 8.169999999999999485e-01
1.938039423008551705e-03 3.078804081796010506e-02 9.889999999999999902e-01 8.159999999999999476e-01
1.004356224929519106e-03 2.897216741950379634e-02 9.955000000000000515e-01 8.229999999999999538e-01
6.208585885465144321e-04 2.936511832765391003e-02 9.979999999999999982e-01 8.129999999999999449e-01
3.160753074695702293e-04 2.900324448163296015e-02 9.979999999999999982e-01 8.259999999999999565e-01
1.150957027943963311e-03 3.058403666553545161e-02 9.939999999999999947e-01 8.110000000000000542e-01
5.370243337383041231e-04 2.950623009517870654e-02 9.979999999999999982e-01 8.249999999999999556e-01
6.430651670003637976e-04 2.918717965135546669e-02 9.969999999999999973e-01 8.169999999999999485e-01
