5.549663224865666877e-02 5.885648439029499829e-02 6.484999999999999654e-01 6.400000000000000133e-01
4.261752410260615659e-02 4.700869328633842936e-02 7.009999999999999565e-01 6.700000000000000400e-01
3.109645226334225090e-02 3.678142573292606660e-02 7.930000000000000382e-01 7.500000000000000000e-01
3.546234383994414929e-02 4.210934228860898493e-02 7.594999999999999529e-01 7.119999999999999662e-01
2.994750073148035735e-02 3.686647982845703275e-02 7.770000000000000240e-01 7.249999999999999778e-01
2.592147515602245128e-02 3.284172119342065183e-02 8.239999999999999547e-01 7.730000000000000204e-01
2.597679019048647342e-02 3.424383435309805851e-02 8.219999999999999529e-01 7.710000000000000187e-01
2.411672795813455533e-02 3.219894550270643169e-02 8.345000000000000195e-01 7.830000000000000293e-01
2.212937904833166963e-02 3.093839097783812261e-02 8.585000000000000409e-01 7.970000000000000417e-01
2.325045391898660288e-02 3.344161695474553997e-02 8.499999999999999778e-01 7.880000000000000338e-01
2.082803462069975770e-02 3.076308770760858777e-02 8.794999999999999485e-01 8.090000000000000524e-01
2.283134779649479557e-02 3.341284557528789723e-02 8.525000000000000355e-01 7.730000000000000204e-01
2.047621288662706401e-02 3.203563984229775702e-02 8.655000000000000471e-01 7.790000000000000258e-01
1.716574064787614040e-02 2.691778605096746546e-02 8.864999999999999547e-01 8.169999999999999485e-01
1.655455567126226310e-02 2.742637962224098516e-02 8.960000000000000187e-01 8.229999999999999538e-01
1.960864916976264027e-02 3.231654620311236181e-02 8.695000000000000506e-01 7.850000000000000311e-01
1.757919279919949174e-02 3.058083933867901741e-02 8.830000000000000071e-01 7.840000000000000302e-01
1.491020754359026305e-02 2.859688600584108994e-02 8.994999999999999662e-01 8.110000000000000542e-01
1.519179505961287119e-02 2.880097206527375969e-02 8.994999999999999662e-01 8.239999999999999547e-01
1.512662651184894583e-02 2.941549041052528637e-02 9.044999999999999707e-01 8.020000000000000462e-01
1.674199346393611884e-02 2.918285492343205070e-02 8.844999999999999529e-01 8.060000000000000497e-01
1.355159866862325896e-02 2.795316092815377726e-02 9.150000000000000355e-01 8.159999999999999476e-01
1.203940590221801860e-02 2.607816900875923119e-02 9.204999999999999849e-01 8.299999999999999600e-01
1.541492874958793127e-02 2.849594500686675885e-02 9.030000000000000249e-01 8.030000000000000471e-01
1.421780650850023101e-02 2.956374153494341350e-02 9.020000000000000240e-01 8.040000000000000480e-01
1.523277887522978338e-02 2.981202889251015342e-02 8.974999999999999645e-01 8.159999999999999476e-01
1.103718682629276776e-02 2.749780138968886678e-02 9.310000000000000497e-01 8.209999999999999520e-01
1.293298133570862721e-02 2.904369372663796744e-02 9.180000000000000382e-01 8.189999999999999503e-01
9.858972049929212375e-03 2.771887320186115777e-02 9.429999999999999494e-01 8.169999999999999485e-01
1.337089128642215963e-02 2.863511116668594411e-02 9.180000000000000382e-01 8.149999999999999467e-01
1.010685173186474245e-02 2.765924507597720614e-02 9.330000000000000515e-01 8.120000000000000551e-01
9.672867133988191993e-03 2.739509764813063269e-02 9.399999999999999467e-01 8.189999999999999503e-01
1.035678458089729463e-02 2.788525165610627674e-02 9.314999999999999947e-01 8.219999999999999529e-01
8.863145923876809482e-03 2.709580399769283277e-02 9.489999999999999547e-01 8.289999999999999591e-01
1.098974562009467568e-02 2.838503375906631723e-02 9.310000000000000497e-01 8.100000000000000533e-01
1.327601830237470915e-02 3.057912199043619217e-02 9.170000000000000373e-01 8.010000000000000453e-01
1.705422821807654407e-02 3.333108173434067706e-02 9.010000000000000231e-01 7.880000000000000338e-01
1.368968070468418348e-02 3.045828705989203980e-02 9.134999999999999787e-01 7.990000000000000435e-01
1.057671140464547070e-02 2.766081468459366186e-02 9.340000000000000524e-01 8.179999999999999494e-01
7.805882903750930094e-03 2.732296372076807936e-02 9.545000000000000151e-01 8.249999999999999556e-01
7.358565431988233450e-03 2.920733016064754051e-02 9.585000000000000187e-01 8.159999999999999476e-01
7.684118355674112756e-03 2.798316700433282553e-02 9.535000000000000142e-01 8.199999999999999512e-01
1.160154719291278669e-02 3.037890962724155638e-02 9.274999999999999911e-01 8.169999999999999485e-01
6.136419609809973946e-03 2.701850186234261778e-02 9.655000000000000249e-01 8.219999999999999529e-01
1.058378958740503230e-02 2.916377990346745788e-02 9.240000000000000435e-01 8.100000000000000533e-01
8.523212699592858099e-03 2.909700922852268695e-02 9.435000000000000053e-01 8.120000000000000551e-01
6.082705572509471137e-03 2.829769096518226779e-02 9.649999999999999689e-01 8.219999999999999529e-01
7.473038877676688695e-03 2.859854237351623293e-02 9.559999999999999609e-01 8.209999999999999520e-01
7.473628649501395764e-03 2.746066634891303204e-02 9.525000000000000133e-01 8.179999999999999494e-01
5.354526607672582469e-03 2.653936236048184613e-02 9.685000000000000275e-01 8.269999999999999574e-01
7.252085359890290440e-03 2.865599784021385932e-02 9.559999999999999609e-01 8.199999999999999512e-01
6.515036142793292039e-03 2.685807103435264645e-02 9.625000000000000222e-01 8.219999999999999529e-01
6.554213196264895534e-03 2.654651980535206734e-02 9.685000000000000275e-01 8.299999999999999600e-01
5.066486861730456343e-03 2.639470997687328249e-02 9.709999999999999742e-01 8.269999999999999574e-01
6.844725644292126016e-03 2.910458192393319474e-02 9.589999999999999636e-01 8.269999999999999574e-01
5.849340801953856368e-03 2.900429876200484591e-02 9.659999999999999698e-01 8.189999999999999503e-01
6.251145215421424241e-03 2.772799273393260211e-02 9.655000000000000249e-01 8.249999999999999556e-01
1.001107392918469501e-02 3.071389743118752361e-02 9.334999999999999964e-01 8.129999999999999449e-01
6.143674551267284435e-03 2.841436813006265050e-02 9.639999999999999680e-01 8.299999999999999600e-01
6.393630228857486754e-03 2.811191422183714067e-02 9.599999999999999645e-01 8.219999999999999529e-01
4.379063946475226198e-03 2.734895530067857003e-02 9.755000000000000338e-01 8.239999999999999547e-01
7.046975667687158627e-03 2.896918350574132286e-02 9.569999999999999618e-01 8.199999999999999512e-01
4.941146184107537802e-03 2.694514366142898229e-02 9.729999999999999760e-01 8.259999999999999565e-01
4.452275121597628997e-03 2.754782378823828273e-02 9.755000000000000338e-01 8.219999999999999529e-01
4.431898478737292951e-03 2.817199639522507265e-02 9.759999999999999787e-01 8.169999999999999485e-01
7.430145433842798471e-03 3.061769709964521149e-02 9.555000000000000160e-01 8.189999999999999503e-01
7.502852529275250322e-03 2.807641651252285389e-02 9.485000000000000098e-01 8.219999999999999529e-01
5.471155231706403312e-03 2.817645889632236153e-02 9.679999999999999716e-01 8.269999999999999574e-01
4.789872521400877908e-03 2.905190689028174650e-02 9.719999999999999751e-01 8.159999999999999476e-01
4.768749679200847552e-03 2.810037880782460806e-02 9.715000000000000302e-01 8.229999999999999538e-01
5.573751309521574222e-03 2.780351001551092591e-02 9.635000000000000231e-01 8.239999999999999547e-01
3.454641322045489283e-03 2.627220397156743159e-02 9.815000000000000391e-01 8.359999999999999654e-01
3.441119249013569175e-03 2.769504111531290516e-02 9.799999999999999822e-01 8.259999999999999565e-01
3.315932916630168203e-03 2.846164310216287713e-02 9.819999999999999840e-01 8.159999999999999476e-01
4.868928337459977294e-03 2.719277098572994364e-02 9.705000000000000293e-01 8.309999999999999609e-01
4.303165587309843408e-03 2.840476030809492222e-02 9.725000000000000311e-01 8.229999999999999538e-01
4.276561586606955623e-03 2.777731783256788198e-02 9.759999999999999787e-01 8.169999999999999485e-01
4.206816481092079743e-03 2.835810219214674952e-02 9.745000000000000329e-01 8.139999999999999458e-01
8.870207047311378518e-03 3.023680009829066498e-02 9.399999999999999467e-01 8.179999999999999494e-01
2.531295090702389856e-03 2.843293823393374872e-02 9.845000000000000417e-01 8.239999999999999547e-01
2.970672229579500098e-03 2.894203996909761739e-02 9.829999999999999849e-01 8.239999999999999547e-01
5.187259055707623030e-03 2.982395745332241943e-02 9.675000000000000266e-01 8.219999999999999529e-01
4.855898824133054320e-03 2.909177158761586460e-02 9.685000000000000275e-01 8.159999999999999476e-01
5.344736729765623036e-03 2.916593838158547045e-02 9.665000000000000258e-01 8.219999999999999529e-01
3.237976216808853905e-03 2.778912094957230322e-02 9.795000000000000373e-01 8.339999999999999636e-01
2.449437460464598364e-03 2.669198363729595458e-02 9.859999999999999876e-01 8.309999999999999609e-01
4.749608852262821729e-03 2.873773467506813423e-02 9.695000000000000284e-01 8.229999999999999538e-01
3.284248037196835484e-03 2.895636322965211909e-02 9.829999999999999849e-01 8.229999999999999538e-01
3.803094640531033081e-03 2.824563074400040369e-02 9.779999999999999805e-01 8.179999999999999494e-01
2.392335399322617715e-03 2.753125931331677073e-02 9.865000000000000435e-01 8.249999999999999556e-01
2.946463482906964710e-03 2.873788019791199272e-02 9.809999999999999831e-01 8.219999999999999529e-01
5.806314405398914011e-03 2.975170114052415327e-02 9.635000000000000231e-01 8.020000000000000462e-01
3.031484826754679562e-03 2.840337639265118688e-02 9.829999999999999849e-01 8.249999999999999556e-01
2.593889416613223784e-03 2.638132197737147119e-02 9.885000000000000453e-01 8.399999999999999689e-01
3.400363374843880758e-03 2.896987588748258305e-02 9.799999999999999822e-01 8.259999999999999565e-01
2.966334944948175855e-03 2.842013984830149553e-02 9.819999999999999840e-01 8.249999999999999556e-01
2.006387658969106379e-03 2.758540762266142518e-02 9.909999999999999920e-01 8.289999999999999591e-01
2.669275310446815423e-03 2.839850339997329956e-02 9.849999999999999867e-01 8.189999999999999503e-01
5.759044550527604028e-03 2.948960567047362313e-02 9.619999999999999662e-01 8.189999999999999503e-01
3.182451714340716990e-03 2.852652277252730809e-02 9.799999999999999822e-01 8.239999999999999547e-01
2.342430742015775159e-03 2.837898472178045431e-02 9.869999999999999885e-01 8.209999999999999520e-01
3.592473077828593504e-03 2.845545118012070274e-02 9.785000000000000364e-01 8.309999999999999609e-01
3.191814246074961905e-03 2.978547215202843879e-02 9.795000000000000373e-01 8.189999999999999503e-01
3.916848843322541691e-03 2.990303123912103900e-02 9.775000000000000355e-01 8.209999999999999520e-01
4.975070041879614199e-03 2.933009246713985316e-02 9.695000000000000284e-01 8.090000000000000524e-01
1.144897029620339270e-02 3.329537830270200283e-02 9.280000000000000471e-01 7.890000000000000346e-01
2.825443278952734141e-03 2.885192273719279846e-02 9.855000000000000426e-01 8.199999999999999512e-01
2.249323654927148225e-03 2.768640897131257814e-02 9.895000000000000462e-01 8.229999999999999538e-01
2.632179727681146358e-03 2.761545886129223790e-02 9.875000000000000444e-01 8.259999999999999565e-01
3.063450355325314858e-03 2.849752810072249745e-02 9.805000000000000382e-01 8.229999999999999538e-01
3.549281021789470018e-03 2.984538409770470455e-02 9.789999999999999813e-01 8.090000000000000524e-01
1.047897112458509410e-03 2.636772475734809953e-02 9.955000000000000515e-01 8.339999999999999636e-01
1.775391255156817411e-03 2.890019561590835215e-02 9.919999999999999929e-01 8.239999999999999547e-01
1.502225324311697117e-03 2.801416730332956587e-02 9.929999999999999938e-01 8.269999999999999574e-01
1.332208524436718101e-03 2.799083956394299993e-02 9.949999999999999956e-01 8.249999999999999556e-01
1.104542904192553103e-03 2.656245755736260164e-02 9.939999999999999947e-01 8.329999999999999627e-01
1.557739031190609599e-03 2.809625175029057537e-02 9.929999999999999938e-01 8.209999999999999520e-01
1.576740891536890406e-03 2.694078292449813769e-02 9.925000000000000488e-01 8.369999999999999662e-01
1.802596595441732221e-03 2.807706775582446967e-02 9.925000000000000488e-01 8.179999999999999494e-01
2.549520370034735924e-03 2.784936599544278121e-02 9.869999999999999885e-01 8.289999999999999591e-01
2.168608648320965310e-03 2.887106438202901443e-02 9.885000000000000453e-01 8.239999999999999547e-01
1.517614785846200208e-03 2.815147265084648812e-02 9.915000000000000480e-01 8.169999999999999485e-01
2.182731505762777833e-03 2.879257223877686525e-02 9.879999999999999893e-01 8.189999999999999503e-01
3.379567819183936384e-03 2.850171901303768379e-02 9.775000000000000355e-01 8.189999999999999503e-01
3.517454046961728930e-03 2.909730399179437030e-02 9.785000000000000364e-01 8.209999999999999520e-01
1.381122629983708465e-03 2.757343970758126955e-02 9.939999999999999947e-01 8.329999999999999627e-01
1.717190116500198760e-03 2.871866963859174074e-02 9.899999999999999911e-01 8.189999999999999503e-01
1.590618667466379066e-03 2.735618764378801304e-02 9.919999999999999929e-01 8.279999999999999583e-01
1.084740124516771296e-03 2.775535497238363486e-02 9.969999999999999973e-01 8.319999999999999618e-01
2.315178910363549936e-03 2.946723208315983264e-02 9.875000000000000444e-01 8.249999999999999556e-01
1.605451652246086061e-03 2.786942937837375359e-02 9.919999999999999929e-01 8.249999999999999556e-01
1.359280481186689055e-03 2.677709838719209701e-02 9.959999999999999964e-01 8.339999999999999636e-01
1.807406853609344567e-03 2.810504199987062801e-02 9.929999999999999938e-01 8.289999999999999591e-01
2.258406630417731167e-03 2.847230527088210131e-02 9.869999999999999885e-01 8.239999999999999547e-01
2.487167166243758540e-03 2.974450233856892542e-02 9.845000000000000417e-01 8.179999999999999494e-01
1.616271803474541744e-03 2.895522647998391777e-02 9.915000000000000480e-01 8.219999999999999529e-01
1.003351885690762467e-03 2.701717610170055808e-02 9.985000000000000542e-01 8.289999999999999591e-01
1.590317112235915169e-03 2.776631447787689111e-02 9.919999999999999929e-01 8.319999999999999618e-01
1.444648175904494512e-03 2.751208393002544869e-02 9.929999999999999938e-01 8.309999999999999609e-01
2.286537590658535048e-03 2.978377756093655154e-02 9.855000000000000426e-01 8.139999999999999458e-01
1.107024527729639357e-03 2.930361927367836072e-02 9.929999999999999938e-01 8.149999999999999467e-01
3.377871393511920704e-03 3.013964789411838902e-02 9.805000000000000382e-01 8.159999999999999476e-01
1.480552346573817384e-03 2.709322592117202264e-02 9.919999999999999929e-01 8.259999999999999565e-01
1.190792289274242993e-03 2.869153372720209538e-02 9.955000000000000515e-01 8.209999999999999520e-01
1.051073781993265739e-03 2.825320818860995939e-02 9.939999999999999947e-01 8.269999999999999574e-01
1.272730820715234834e-03 2.874398488202943927e-02 9.939999999999999947e-01 8.219999999999999529e-01
7.154002777618056336e-03 3.198340897757070977e-02 9.549999999999999600e-01 7.940000000000000391e-01
2.151969504827973799e-03 2.948852813259545194e-02 9.879999999999999893e-01 8.199999999999999512e-01
2.775011438530138388e-03 2.941477304548694577e-02 9.835000000000000409e-01 8.219999999999999529e-01
2.039406608470797303e-03 2.832499479071171403e-02 9.899999999999999911e-01 8.289999999999999591e-01
2.816632182117201431e-03 2.945753210491404428e-02 9.849999999999999867e-01 8.139999999999999458e-01
1.406513580359345511e-03 2.741194354508515521e-02 9.939999999999999947e-01 8.279999999999999583e-01
1.332651058315010607e-03 2.837763146864533126e-02 9.939999999999999947e-01 8.209999999999999520e-01
2.556977705911465774e-03 2.992624237920134614e-02 9.865000000000000435e-01 8.149999999999999467e-01
2.448694885190873683e-03 2.855725987460261753e-02 9.839999999999999858e-01 8.179999999999999494e-01
1.119930960971577370e-03 2.817828329226115466e-02 9.949999999999999956e-01 8.259999999999999565e-01
9.699411230173328544e-04 2.760135113590507158e-02 9.935000000000000497e-01 8.309999999999999609e-01
1.076875310419281350e-03 2.763352871458762267e-02 9.955000000000000515e-01 8.309999999999999609e-01
4.850757006242209686e-03 3.058171826696173476e-02 9.685000000000000275e-01 7.990000000000000435e-01
3.448798902657694565e-03 3.010029906764649307e-02 9.795000000000000373e-01 8.199999999999999512e-01
1.409470997584692711e-03 2.734476833860713385e-02 9.919999999999999929e-01 8.229999999999999538e-01
9.684524290590303466e-04 2.758817298016697298e-02 9.955000000000000515e-01 8.289999999999999591e-01
1.187185241557838725e-03 2.899371880448398456e-02 9.945000000000000506e-01 8.219999999999999529e-01
1.082621625247720759e-03 2.844742500620468448e-02 9.935000000000000497e-01 8.259999999999999565e-01
3.703102348373326930e-03 2.935958695447192859e-02 9.775000000000000355e-01 8.249999999999999556e-01
1.726451707592014219e-03 2.763354307501184742e-02 9.909999999999999920e-01 8.239999999999999547e-01
7.806654672605759827e-04 2.918587565433794148e-02 9.969999999999999973e-01 8.189999999999999503e-01
1.977690711163731466e-03 2.935556366483629137e-02 9.889999999999999902e-01 8.139999999999999458e-01
9.079125492935664898e-03 3.341488830083561706e-02 9.415000000000000036e-01 8.020000000000000462e-01
3.944478385069611140e-03 2.941068469567835464e-02 9.745000000000000329e-01 8.129999999999999449e-01
4.639403035116234850e-03 3.071440570737008630e-02 9.729999999999999760e-01 8.050000000000000488e-01
1.476175192253985661e-03 2.984463153300616345e-02 9.925000000000000488e-01 8.110000000000000542e-01
2.026135465172141346e-03 2.972458705061346851e-02 9.869999999999999885e-01 8.139999999999999458e-01
3.206361130399992907e-03 2.922748986806675969e-02 9.809999999999999831e-01 8.169999999999999485e-01
1.191363133031261975e-03 2.747040314495396984e-02 9.939999999999999947e-01 8.319999999999999618e-01
1.279015019213028837e-03 2.876120413577019572e-02 9.935000000000000497e-01 8.189999999999999503e-01
1.777493371802415026e-03 2.951903712157251392e-02 9.919999999999999929e-01 8.159999999999999476e-01
5.503011638228597069e-03 3.234984593686605903e-02 9.675000000000000266e-01 8.110000000000000542e-01
1.877682371316596703e-03 2.880545292392881762e-02 9.915000000000000480e-01 8.159999999999999476e-01
3.770283958590275875e-03 3.116651631090272892e-02 9.749999999999999778e-01 8.090000000000000524e-01
1.859167635350651108e-03 2.986008991842609150e-02 9.895000000000000462e-01 8.080000000000000515e-01
1.263718802836299657e-03 2.870182725234186188e-02 9.949999999999999956e-01 8.219999999999999529e-01
3.891423436414589120e-03 2.915465414492153864e-02 9.755000000000000338e-01 8.050000000000000488e-01
1.302993711525285642e-03 2.843047609656074518e-02 9.929999999999999938e-01 8.209999999999999520e-01
6.216362270077052318e-04 2.776567572593808750e-02 9.985000000000000542e-01 8.279999999999999583e-01
8.908244720017648860e-03 3.372856090551411973e-02 9.455000000000000071e-01 7.990000000000000435e-01
2.523467650673412010e-03 2.941287929937117310e-02 9.835000000000000409e-01 8.249999999999999556e-01
1.155824589799415644e-03 2.990155020498436872e-02 9.945000000000000506e-01 8.139999999999999458e-01
3.045308450669237648e-03 2.959742696079814550e-02 9.815000000000000391e-01 8.229999999999999538e-01
7.543930835933023230e-04 2.816054097672039680e-02 9.965000000000000524e-01 8.249999999999999556e-01
1.984419716515940183e-03 2.840536514694692177e-02 9.889999999999999902e-01 8.179999999999999494e-01
3.489064842721339814e-03 3.083822414223446468e-02 9.825000000000000400e-01 8.050000000000000488e-01
3.800924849215322424e-03 3.064789304018937163e-02 9.755000000000000338e-01 8.169999999999999485e-01
8.152251535832962968e-04 2.818711451167062523e-02 9.969999999999999973e-01 8.269999999999999574e-01
1.296957239657603282e-03 3.009539312159264374e-02 9.929999999999999938e-01 8.090000000000000524e-01
1.437814696084586822e-03 2.925096654801882801e-02 9.919999999999999929e-01 8.219999999999999529e-01
3.175640384221699135e-03 3.120425011965302642e-02 9.785000000000000364e-01 8.120000000000000551e-01
1.938122507265172380e-03 2.851470256518996368e-02 9.895000000000000462e-01 8.159999999999999476e-01
5.138838307504325562e-04 2.766853485726272072e-02 9.985000000000000542e-01 8.259999999999999565e-01
9.502446177939709738e-04 2.842646984367191987e-02 9.959999999999999964e-01 8.219999999999999529e-01
2.872325569009629136e-03 2.960358187386690279e-02 9.849999999999999867e-01 8.159999999999999476e-01
6.455997141186505623e-04 2.911388082262184387e-02 9.985000000000000542e-01 8.169999999999999485e-01
2.114068351229831007e-03 3.043762102777428091e-02 9.885000000000000453e-01 8.199999999999999512e-01
4.284104396800669096e-03 2.953689822446195143e-02 9.739999999999999769e-01 8.149999999999999467e-01
5.016909044947636493e-04 2.856767630394983770e-02 9.979999999999999982e-01 8.279999999999999583e-01
6.901806793457300427e-04 2.884665841710974676e-02 9.965000000000000524e-01 8.179999999999999494e-01
1.492555972625090287e-03 3.047811228757016030e-02 9.925000000000000488e-01 8.120000000000000551e-01
1.647737203504391320e-03 3.017733779973068645e-02 9.899999999999999911e-01 8.169999999999999485e-01
5.286002936675244027e-03 3.094262453510424407e-02 9.655000000000000249e-01 8.090000000000000524e-01
1.346232190026440054e-03 2.983235386875494541e-02 9.939999999999999947e-01 8.129999999999999449e-01
1.115417917372773507e-03 2.945597131188159787e-02 9.945000000000000506e-01 8.159999999999999476e-01
1.813906184411409649e-03 2.851725699923959509e-02 9.889999999999999902e-01 8.229999999999999538e-01
6.208010399564282836e-04 2.871711533629329668e-02 9.979999999999999982e-01 8.229999999999999538e-01
2.697398788136516710e-03 3.162094769711540354e-02 9.849999999999999867e-01 8.100000000000000533e-01
4.448500323067024718e-03 3.046046843110585683e-02 9.705000000000000293e-01 8.209999999999999520e-01
1.037455932702876799e-03 2.746842007417462858e-02 9.975000000000000533e-01 8.259999999999999565e-01
3.426829122478556536e-03 2.882160877417395614e-02 9.799999999999999822e-01 8.129999999999999449e-01
1.189412108243684133e-03 2.948492122398837373e-02 9.945000000000000506e-01 8.050000000000000488e-01
7.250418370550882740e-04 2.855847775494925814e-02 9.965000000000000524e-01 8.249999999999999556e-01
1.325659942117488922e-03 2.903189513137036798e-02 9.925000000000000488e-01 8.199999999999999512e-01
6.889765131691553881e-04 2.899138943243345298e-02 9.979999999999999982e-01 8.229999999999999538e-01
3.564104932971533268e-04 2.895757473572931062e-02 9.989999999999999991e-01 8.169999999999999485e-01
9.884711165613656921e-04 2.923439511872920338e-02 9.949999999999999956e-01 8.219999999999999529e-01
1.566838300634239593e-03 2.925775150779851355e-02 9.945000000000000506e-01 8.169999999999999485e-01
5.435632740111244997e-04 2.832350337260371512e-02 9.989999999999999991e-01 8.189999999999999503e-01
1.108426767972480777e-03 2.974168448342614374e-02 9.939999999999999947e-01 8.149999999999999467e-01
3.120615009999875146e-04 2.803777766845645322e-02 9.995000000000000551e-01 8.209999999999999520e-01
7.991436636395867410e-04 2.933220053829165702e-02 9.979999999999999982e-01 8.139999999999999458e-01
1.171016691896937297e-03 2.828148568435020702e-02 9.955000000000000515e-01 8.249999999999999556e-01
1.065098274895624926e-03 2.730239723795638285e-02 9.979999999999999982e-01 8.309999999999999609e-01
5.485107595474396922e-04 2.829586787087852787e-02 9.975000000000000533e-01 8.249999999999999556e-01
5.531073731144593069e-04 2.826789850135067936e-02 9.975000000000000533e-01 8.189999999999999503e-01
7.145351426209683304e-03 3.332481284026498486e-02 9.545000000000000151e-01 8.000000000000000444e-01
3.447908676571769492e-03 2.780573120408949897e-02 9.779999999999999805e-01 8.219999999999999529e-01
1.180434681570288876e-03 2.915172943321447246e-02 9.945000000000000506e-01 8.189999999999999503e-01
3.271842728894568900e-03 2.969407396288971032e-02 9.779999999999999805e-01 8.179999999999999494e-01
1.960962640847387865e-03 2.830434410823636296e-02 9.875000000000000444e-01 8.299999999999999600e-01
6.773342728690099701e-04 2.822485467171001808e-02 9.975000000000000533e-01 8.289999999999999591e-01
6.588399812453417468e-04 2.956005578905087500e-02 9.965000000000000524e-01 8.199999999999999512e-01
1.914144304400020166e-03 3.073736269771411983e-02 9.889999999999999902e-01 8.169999999999999485e-01
7.754549653905540296e-04 2.976703799627651234e-02 9.969999999999999973e-01 8.199999999999999512e-01
7.313919539447619059e-04 2.846045990522311567e-02 9.969999999999999973e-01 8.219999999999999529e-01
2.725189650987204937e-03 3.017810572199476279e-02 9.815000000000000391e-01 8.120000000000000551e-01
7.110670557267095024e-04 2.891150026372620377e-02 9.969999999999999973e-01 8.209999999999999520e-01
3.559113148334911336e-04 2.814877407286738714e-02 1.000000000000000000e+00 8.269999999999999574e-01
8.168033055846362148e-03 3.375047318970385291e-02 9.469999999999999529e-01 7.930000000000000382e-01
2.587287495527629635e-04 2.943812988003636361e-02 9.995000000000000551e-01 8.129999999999999449e-01
2.255488663112729594e-03 2.935515647012430784e-02 9.885000000000000453e-01 8.229999999999999538e-01
6.712362625673502087e-03 3.221660937847033168e-02 9.569999999999999618e-01 8.010000000000000453e-01
1.868045243566735826e-03 2.797509852804561103e-02 9.899999999999999911e-01 8.279999999999999583e-01
1.082548519888425296e-03 2.887913572058442915e-02 9.949999999999999956e-01 8.259999999999999565e-01
7.363952531143693478e-04 2.828541587686336789e-02 9.975000000000000533e-01 8.209999999999999520e-01
1.219958166902300727e-03 2.780969489306468062e-02 9.949999999999999956e-01 8.239999999999999547e-01
1.727195332511780208e-03 3.084903745262440253e-02 9.905000000000000471e-01 8.120000000000000551e-01
4.116010842611865614e-04 2.912799372430947484e-02 9.989999999999999991e-01 8.229999999999999538e-01
7.309087998128367854e-04 2.789989681518413242e-02 9.955000000000000515e-01 8.339999999999999636e-01
1.938740277722122583e-04 2.882024341045446789e-02 9.995000000000000551e-01 8.169999999999999485e-01
2.093442198307387050e-03 3.088849763344327440e-02 9.865000000000000435e-01 8.159999999999999476e-01
5.632045253500493620e-04 2.902156741649929497e-02 9.989999999999999991e-01 8.199999999999999512e-01
2.482662610631003724e-03 2.938128509515925205e-02 9.855000000000000426e-01 8.249999999999999556e-01
4.129545013555757519e-04 2.840570840886077683e-02 9.985000000000000542e-01 8.239999999999999547e-01
6.558643562256544777e-04 2.936218496221985538e-02 9.979999999999999982e-01 8.179999999999999494e-01
1.116470626748389565e-03 2.990350006232503008e-02 9.925000000000000488e-01 8.229999999999999538e-01
6.172506011328999283e-04 2.862216210831569976e-02 9.985000000000000542e-01 8.209999999999999520e-01
1.557614711804407434e-03 2.999807021011505898e-02 9.915000000000000480e-01 8.159999999999999476e-01
1.116335995549037723e-03 2.846530098212300686e-02 9.955000000000000515e-01 8.229999999999999538e-01
8.379388369368100976e-04 2.851374341154095174e-02 9.965000000000000524e-01 8.209999999999999520e-01
4.642539258546391867e-04 2.827160185360752878e-02 9.989999999999999991e-01 8.209999999999999520e-01
3.739780912654259515e-04 2.857881989640091713e-02 9.985000000000000542e-01 8.189999999999999503e-01
1.386923423093114121e-03 2.998992679789837593e-02 9.919999999999999929e-01 8.179999999999999494e-01
9.609318532492290219e-04 2.906419741494146308e-02 9.959999999999999964e-01 8.209999999999999520e-01
9.641709554858035212e-04 2.846737867064130095e-02 9.959999999999999964e-01 8.259999999999999565e-01
1.188079946276182934e-03 2.840461127011836839e-02 9.935000000000000497e-01 8.269999999999999574e-01
1.448034555444145275e-03 2.966917213999629294e-02 9.909999999999999920e-01 8.070000000000000506e-01
1.757673301446549324e-03 2.870039757030989555e-02 9.899999999999999911e-01 8.229999999999999538e-01
2.379618369019650785e-03 3.174625867743217228e-02 9.865000000000000435e-01 8.070000000000000506e-01
4.749861669451624965e-04 2.874780568325655331e-02 9.985000000000000542e-01 8.219999999999999529e-01
1.711638537090971008e-03 2.958218789241720548e-02 9.899999999999999911e-01 8.239999999999999547e-01
1.212674164245231305e-03 2.914385983980948697e-02 9.929999999999999938e-01 8.199999999999999512e-01
8.870696479163455621e-04 2.858066029232414137e-02 9.945000000000000506e-01 8.269999999999999574e-01
1.187038721180302611e-03 2.830563608075961982e-02 9.929999999999999938e-01 8.289999999999999591e-01
4.373596049719292805e-04 2.757912202498580267e-02 9.989999999999999991e-01 8.239999999999999547e-01
1.029210665118814212e-03 2.901022897236666190e-02 9.939999999999999947e-01 8.209999999999999520e-01
1.543469476608603933e-03 2.882323673515222590e-02 9.919999999999999929e-01 8.209999999999999520e-01
4.114240516842382930e-04 2.803838909986601513e-02 9.995000000000000551e-01 8.239999999999999547e-01
2.396887452323436408e-03 2.883241537375331662e-02 9.855000000000000426e-01 8.209999999999999520e-01
6.517879642152047542e-03 3.260061071181277054e-02 9.589999999999999636e-01 7.980000000000000426e-01
1.719947511804419040e-03 2.824924945001821425e-02 9.915000000000000480e-01 8.279999999999999583e-01
4.657906283966392461e-04 2.765560597628269682e-02 9.979999999999999982e-01 8.259999999999999565e-01
6.157348395444961486e-04 2.827771939663101253e-02 9.979999999999999982e-01 8.219999999999999529e-01
5.774288320428874440e-04 2.885754544641830691e-02 9.975000000000000533e-01 8.209999999999999520e-01
1.131605461372184535e-03 2.917233954508221747e-02 9.935000000000000497e-01 8.209999999999999520e-01
5.331163528417399121e-04 2.974022242977991323e-02 9.975000000000000533e-01 8.199999999999999512e-01
1.356847270823311694e-03 3.211832611625770745e-02 9.939999999999999947e-01 8.030000000000000471e-01
3.486871374054099654e-03 3.044683604286138948e-02 9.785000000000000364e-01 8.199999999999999512e-01
1.410496242575793235e-03 2.969956682259580760e-02 9.899999999999999911e-01 8.149999999999999467e-01
2.562932639882534083e-03 3.128415561404851442e-02 9.845000000000000417e-01 8.060000000000000497e-01
2.862288926061578274e-03 2.937867319182690951e-02 9.845000000000000417e-01 8.199999999999999512e-01
1.159614871517493807e-03 2.930931630003143565e-02 9.935000000000000497e-01 8.239999999999999547e-01
3.787656614709032079e-04 2.909284381933118641e-02 1.000000000000000000e+00 8.179999999999999494e-01
1.364909595111699157e-03 2.877187778708266766e-02 9.925000000000000488e-01 8.219999999999999529e-01
2.023086056885282404e-03 3.064539778168812179e-02 9.879999999999999893e-01 8.060000000000000497e-01
2.231796490720440711e-03 3.114633509248584953e-02 9.879999999999999893e-01 8.090000000000000524e-01
5.925638247198508407e-04 2.883865091980917367e-02 9.979999999999999982e-01 8.239999999999999547e-01
1.489950038866305658e-03 2.981549262071621353e-02 9.925000000000000488e-01 8.179999999999999494e-01
9.064897283596015957e-04 2.944095430863004695e-02 9.955000000000000515e-01 8.179999999999999494e-01
6.869854512603122167e-03 3.079617777604677989e-02 9.529999999999999583e-01 8.080000000000000515e-01
3.497630232619945278e-03 3.022696854414324424e-02 9.775000000000000355e-01 8.169999999999999485e-01
1.832358633788778264e-03 2.897433665875066844e-02 9.899999999999999911e-01 8.219999999999999529e-01
2.136745033838251164e-04 2.775272516078114773e-02 1.000000000000000000e+00 8.289999999999999591e-01
1.327932216084122801e-03 2.930946957726491761e-02 9.929999999999999938e-01 8.219999999999999529e-01
2.141569554968624997e-04 2.790805303872020970e-02 9.995000000000000551e-01 8.219999999999999529e-01
2.246569716342584552e-03 3.143856330270284466e-02 9.885000000000000453e-01 8.110000000000000542e-01
1.680395872911402992e-03 3.046344040074498022e-02 9.875000000000000444e-01 8.169999999999999485e-01
5.611887810383771021e-04 2.999291230484654389e-02 9.989999999999999991e-01 8.189999999999999503e-01
1.506825622072508353e-03 2.965990698637907194e-02 9.925000000000000488e-01 8.159999999999999476e-01
1.531092134504583860e-03 2.993109823987488358e-02 9.915000000000000480e-01 8.070000000000000506e-01
1.360421903999239294e-03 2.958755392155892894e-02 9.919999999999999929e-01 8.229999999999999538e-01
4.853125470312606260e-04 2.868795826750088554e-02 9.979999999999999982e-01 8.199999999999999512e-01
7.854924883599918167e-04 2.899070146962615113e-02 9.955000000000000515e-01 8.229999999999999538e-01
1.317314553779160100e-03 3.032410914590424889e-02 9.919999999999999929e-01 8.120000000000000551e-01
3.194597074902387653e-03 2.981357008407730866e-02 9.815000000000000391e-01 8.209999999999999520e-01
1.456245605414539790e-02 3.685050681488397789e-02 9.130000000000000338e-01 7.840000000000000302e-01
1.480857186929544029e-03 2.887404819948594797e-02 9.929999999999999938e-01 8.209999999999999520e-01
2.933481694988796375e-04 2.800472120805621787e-02 9.989999999999999991e-01 8.299999999999999600e-01
4.334655305085926766e-03 3.166284916926029314e-02 9.729999999999999760e-01 8.080000000000000515e-01
2.118045448822443119e-04 2.839172692513191806e-02 1.000000000000000000e+00 8.289999999999999591e-01
7.711503554705555555e-03 3.345391000154952776e-02 9.469999999999999529e-01 8.020000000000000462e-01
1.817287551595099786e-03 3.046213518989239824e-02 9.905000000000000471e-01 8.100000000000000533e-01
2.492693869410149161e-04 2.874599501854020744e-02 9.989999999999999991e-01 8.219999999999999529e-01
5.673671179048997556e-04 2.901508027045915719e-02 9.989999999999999991e-01 8.239999999999999547e-01
7.617401858971543406e-04 2.834410988069356596e-02 9.969999999999999973e-01 8.229999999999999538e-01
6.729986033099655263e-04 2.822139613209352985e-02 9.979999999999999982e-01 8.209999999999999520e-01
7.447748975157746131e-04 2.842191306369075410e-02 9.969999999999999973e-01 8.239999999999999547e-01
3.979554840429347373e-03 3.128718294070040318e-02 9.745000000000000329e-01 8.070000000000000506e-01
1.317398132332314384e-03 2.797501465194733930e-02 9.935000000000000497e-01 8.299999999999999600e-01
4.031397945416266147e-04 2.805794620779012219e-02 9.985000000000000542e-01 8.219999999999999529e-01
3.043316912346996032e-04 2.834562049918046278e-02 9.989999999999999991e-01 8.269999999999999574e-01
9.795966646009551110e-04 3.000792114145807085e-02 9.949999999999999956e-01 8.149999999999999467e-01
5.472627507166364334e-03 3.301791420293193058e-02 9.645000000000000240e-01 7.920000000000000373e-01
6.490152331467006954e-04 2.890308284786072615e-02 9.965000000000000524e-01 8.159999999999999476e-01
6.612293979483532466e-04 2.936483140174951656e-02 9.955000000000000515e-01 8.169999999999999485e-01
4.630329237440214819e-04 2.933162854832984182e-02 9.985000000000000542e-01 8.149999999999999467e-01
3.618560302475916108e-03 3.281355397731787471e-02 9.765000000000000346e-01 8.010000000000000453e-01
7.988361434429053741e-04 2.881569849178551926e-02 9.979999999999999982e-01 8.159999999999999476e-01
1.131117197319329989e-03 2.848118220603495718e-02 9.929999999999999938e-01 8.339999999999999636e-01
2.854394960727834533e-04 2.871675889901258161e-02 9.989999999999999991e-01 8.189999999999999503e-01
4.341818380196724907e-04 2.926444731775828742e-02 9.989999999999999991e-01 8.179999999999999494e-01
6.362834339809234291e-04 2.836619342155800513e-02 9.969999999999999973e-01 8.169999999999999485e-01
1.090603461984774973e-03 2.926056676073308244e-02 9.939999999999999947e-01 8.279999999999999583e-01
2.156789765834026939e-03 2.935054915626653799e-02 9.899999999999999911e-01 8.229999999999999538e-01
3.032418472820390312e-03 3.029009305159807014e-02 9.819999999999999840e-01 8.139999999999999458e-01
1.650872619677975443e-03 2.946517329925919804e-02 9.885000000000000453e-01 8.209999999999999520e-01
5.022062506401850021e-03 3.173615481634783214e-02 9.729999999999999760e-01 8.070000000000000506e-01
3.165599334789546190e-03 3.009265896779087304e-02 9.799999999999999822e-01 8.159999999999999476e-01
1.870885296161304114e-03 2.918672494239522852e-02 9.885000000000000453e-01 8.229999999999999538e-01
3.801882547884644688e-04 2.951685781705935471e-02 9.985000000000000542e-01 8.179999999999999494e-01
3.856708397147597068e-04 2.919008174234870648e-02 9.995000000000000551e-01 8.159999999999999476e-01
1.903536370909290855e-03 3.003872224378225167e-02 9.899999999999999911e-01 8.169999999999999485e-01
1.026126677561471807e-03 2.772059732191143461e-02 9.949999999999999956e-01 8.259999999999999565e-01
1.895717693856804583e-03 2.930681032132676639e-02 9.899999999999999911e-01 8.179999999999999494e-01
2.677169372635511933e-03 3.009571837973235367e-02 9.839999999999999858e-01 8.129999999999999449e-01
2.576867131303148088e-04 2.928997685047570951e-02 1.000000000000000000e+00 8.159999999999999476e-01
1.434926129155841184e-03 2.869275428994338267e-02 9.925000000000000488e-01 8.259999999999999565e-01
2.319026125260341235e-03 2.964154320731789138e-02 9.859999999999999876e-01 8.189999999999999503e-01
5.878020477533658309e-04 3.023555922911819530e-02 9.989999999999999991e-01 8.129999999999999449e-01
5.125801918647200769e-04 2.916149698216135080e-02 9.979999999999999982e-01 8.179999999999999494e-01
2.318445522443783255e-03 3.006802060924766706e-02 9.879999999999999893e-01 8.139999999999999458e-01
1.445358991105608493e-03 2.772049477056343081e-02 9.935000000000000497e-01 8.299999999999999600e-01
2.258383348527992582e-04 2.880816361839000708e-02 1.000000000000000000e+00 8.189999999999999503e-01
4.105272125293590695e-03 3.124969526073627032e-02 9.735000000000000320e-01 8.050000000000000488e-01
4.535954425223055254e-04 2.901097951330230962e-02 9.985000000000000542e-01 8.249999999999999556e-01
5.021972230862937038e-04 2.993543036049062939e-02 9.985000000000000542e-01 8.169999999999999485e-01
1.969513648559012477e-03 3.083354931984306352e-02 9.885000000000000453e-01 8.139999999999999458e-01
1.868846876507342146e-04 2.803556496641727847e-02 1.000000000000000000e+00 8.309999999999999609e-01
5.408136671267847100e-04 2.869560669228710462e-02 9.979999999999999982e-01 8.179999999999999494e-01
9.944456671137243391e-04 2.851551993352018782e-02 9.949999999999999956e-01 8.189999999999999503e-01
8.860456006196773841e-04 2.816844906850833954e-02 9.945000000000000506e-01 8.199999999999999512e-01
1.677226343365631044e-03 2.856141947232697376e-02 9.909999999999999920e-01 8.239999999999999547e-01
2.977193657479895554e-03 3.052734117531433547e-02 9.825000000000000400e-01 8.149999999999999467e-01
4.261439839856174085e-04 2.878744708946203573e-02 9.989999999999999991e-01 8.189999999999999503e-01
9.221386756152133782e-04 2.888397048986288823e-02 9.955000000000000515e-01 8.259999999999999565e-01
3.799935228708125733e-03 3.178665688307425602e-02 9.779999999999999805e-01 8.090000000000000524e-01
1.486826959822135519e-03 2.857713815861753076e-02 9.909999999999999920e-01 8.279999999999999583e-01
3.873825833714147860e-04 2.859545418403384998e-02 9.995000000000000551e-01 8.229999999999999538e-01
4.992034568491401534e-04 2.978822525261878851e-02 9.979999999999999982e-01 8.189999999999999503e-01
1.575289490773969540e-03 3.106462093860582613e-02 9.925000000000000488e-01 8.060000000000000497e-01
6.244956379222470124e-04 2.906052411812057659e-02 9.959999999999999964e-01 8.229999999999999538e-01
2.767116306701691516e-04 2.981500890630230799e-02 1.000000000000000000e+00 8.110000000000000542e-01
1.860856063773249031e-04 2.928535111027730578e-02 1.000000000000000000e+00 8.179999999999999494e-01
4.358962534666661827e-04 2.908565971354373780e-02 9.979999999999999982e-01 8.209999999999999520e-01
9.468023793337843877e-04 2.983998474905461690e-02 9.949999999999999956e-01 8.159999999999999476e-01
1.933641449090716053e-03 3.133372824341595225e-02 9.909999999999999920e-01 8.090000000000000524e-01
7.221204262617827389e-04 2.919260338017023310e-02 9.969999999999999973e-01 8.209999999999999520e-01
4.513836438778029338e-04 2.852169558548063588e-02 9.979999999999999982e-01 8.189999999999999503e-01
2.502649111642137828e-04 2.854323547554754939e-02 9.995000000000000551e-01 8.229999999999999538e-01
1.099992316117035266e-03 2.883652102088628960e-02 9.945000000000000506e-01 8.299999999999999600e-01
8.256834214186550879e-04 2.912457193499122521e-02 9.959999999999999964e-01 8.189999999999999503e-01
1.339312313404155980e-03 2.881195141734764487e-02 9.915000000000000480e-01 8.219999999999999529e-01
1.277549067506978308e-03 2.859454036754164458e-02 9.909999999999999920e-01 8.229999999999999538e-01
