9.004247281314090023e-02 9.014674398104302599e-02 1.290000000000000036e-01 1.069999999999999979e-01
8.984533958121819486e-02 8.991545971185774255e-02 3.639999999999999902e-01 3.459999999999999742e-01
8.813986961025632727e-02 8.810016107932965024e-02 4.364999999999999991e-01 4.550000000000000155e-01
8.481129175331322823e-02 8.478262095905338136e-02 4.675000000000000266e-01 4.630000000000000226e-01
7.848220182667967060e-02 7.840148852294778758e-02 4.729999999999999760e-01 4.809999999999999831e-01
7.404790805462718728e-02 7.375506414778289221e-02 5.274999999999999689e-01 5.460000000000000409e-01
7.053449289216487395e-02 7.106444706611418638e-02 5.284999999999999698e-01 5.170000000000000151e-01
6.588737468218437698e-02 6.646401320266180635e-02 5.705000000000000071e-01 5.540000000000000480e-01
6.257642492256829114e-02 6.304870288270096601e-02 6.300000000000000044e-01 6.169999999999999929e-01
6.056632767956049435e-02 6.089620009681995239e-02 6.225000000000000533e-01 6.239999999999999991e-01
5.628502544581341638e-02 5.717336875007398428e-02 6.300000000000000044e-01 5.959999999999999742e-01
5.663427439001950114e-02 5.738450440148475107e-02 6.115000000000000435e-01 5.999999999999999778e-01
5.359716238994310239e-02 5.447036797345534975e-02 6.570000000000000284e-01 6.680000000000000382e-01
5.114248137172246189e-02 5.219994156573207894e-02 6.600000000000000311e-01 6.470000000000000195e-01
4.942102708435366226e-02 5.078980851820509568e-02 6.754999999999999893e-01 6.520000000000000240e-01
4.723431338928342493e-02 4.833585494610078553e-02 6.644999999999999796e-01 6.620000000000000329e-01
4.759637180284659319e-02 4.951441247351437425e-02 6.580000000000000293e-01 6.410000000000000142e-01
4.607241286915366579e-02 4.746632766018774735e-02 6.740000000000000435e-01 6.660000000000000364e-01
4.381558435911304950e-02 4.585797986516628594e-02 6.945000000000000062e-01 6.660000000000000364e-01
4.422915971345164204e-02 4.593555159706527030e-02 6.995000000000000107e-01 6.810000000000000497e-01
4.140848831459477408e-02 4.352441360940186021e-02 7.205000000000000293e-01 7.049999999999999600e-01
4.242857194298652046e-02 4.470669839442382304e-02 6.975000000000000089e-01 6.810000000000000497e-01
4.138108817027108532e-02 4.349146947125033524e-02 7.169999999999999707e-01 7.049999999999999600e-01
4.129513234342909594e-02 4.335795313057331374e-02 7.245000000000000329e-01 7.159999999999999698e-01
4.027103287542617427e-02 4.292370149915807065e-02 7.265000000000000346e-01 7.039999999999999591e-01
4.180929035160593082e-02 4.454521602511255646e-02 7.379999999999999893e-01 7.099999999999999645e-01
3.824613956351090305e-02 4.068347862980099816e-02 7.349999999999999867e-01 7.299999999999999822e-01
3.942912802423428204e-02 4.199938110482021730e-02 7.269999999999999796e-01 7.099999999999999645e-01
3.767625985154549051e-02 4.003354793388386179e-02 7.459999999999999964e-01 7.339999999999999858e-01
3.821756853521460912e-02 4.099070515847713647e-02 7.455000000000000515e-01 7.289999999999999813e-01
3.728854419503972034e-02 4.014684559771691807e-02 7.475000000000000533e-01 7.289999999999999813e-01
3.841900111780247734e-02 4.125600275991085641e-02 7.455000000000000515e-01 7.319999999999999840e-01
3.935186988820728315e-02 4.255662296935808220e-02 7.429999999999999938e-01 7.189999999999999725e-01
3.825905360921285497e-02 4.102945379902754597e-02 7.269999999999999796e-01 7.159999999999999698e-01
3.700840902370846480e-02 3.978168846295256078e-02 7.534999999999999476e-01 7.289999999999999813e-01
3.760628737522701132e-02 4.089347933821361331e-02 7.570000000000000062e-01 7.429999999999999938e-01
3.613146134798786435e-02 3.902252919068976283e-02 7.534999999999999476e-01 7.319999999999999840e-01
3.658940284413109145e-02 3.975133437023700700e-02 7.580000000000000071e-01 7.419999999999999929e-01
3.451007003442523730e-02 3.766945065173268881e-02 7.694999999999999618e-01 7.469999999999999973e-01
3.809667568989022479e-02 4.087752706139748116e-02 7.445000000000000506e-01 7.249999999999999778e-01
3.628254343854631775e-02 3.980861521673825093e-02 7.650000000000000133e-01 7.399999999999999911e-01
3.529673886676717998e-02 3.842993563067233914e-02 7.624999999999999556e-01 7.409999999999999920e-01
3.501081418471718026e-02 3.860848136607707842e-02 7.734999999999999654e-01 7.449999999999999956e-01
3.624183722680680841e-02 3.935234815730647567e-02 7.580000000000000071e-01 7.309999999999999831e-01
3.448842867553689878e-02 3.791999373328932416e-02 7.690000000000000169e-01 7.449999999999999956e-01
3.352756021155180177e-02 3.681383990663619765e-02 7.730000000000000204e-01 7.409999999999999920e-01
3.407484849565962232e-02 3.768991893685408323e-02 7.740000000000000213e-01 7.530000000000000027e-01
3.663571204941746401e-02 3.981859829136425583e-02 7.574999999999999512e-01 7.379999999999999893e-01
3.406218774135866961e-02 3.772455557288832001e-02 7.820000000000000284e-01 7.540000000000000036e-01
3.515791725262447376e-02 3.870107326850621282e-02 7.764999999999999680e-01 7.489999999999999991e-01
3.626456876450467881e-02 3.961328449027071152e-02 7.514999999999999458e-01 7.249999999999999778e-01
3.273979590518737159e-02 3.682966661614659604e-02 7.880000000000000338e-01 7.630000000000000115e-01
3.296404259864754022e-02 3.717908954631479745e-02 7.864999999999999769e-01 7.550000000000000044e-01
3.509889155300791042e-02 3.887820483101291080e-02 7.710000000000000187e-01 7.479999999999999982e-01
3.323239357765567920e-02 3.740249815379780018e-02 7.780000000000000249e-01 7.389999999999999902e-01
3.277632528243333565e-02 3.654577360560237742e-02 7.804999999999999716e-01 7.570000000000000062e-01
3.276046470526684101e-02 3.687036777092657369e-02 7.850000000000000311e-01 7.580000000000000071e-01
3.345765700524511860e-02 3.747861225959689402e-02 7.750000000000000222e-01 7.550000000000000044e-01
3.277223440303007190e-02 3.703598356048982271e-02 7.930000000000000382e-01 7.680000000000000160e-01
3.082770750376216673e-02 3.511960973260157270e-02 7.914999999999999813e-01 7.660000000000000142e-01
3.051951204779771235e-02 3.486846442903203391e-02 7.984999999999999876e-01 7.730000000000000204e-01
3.276694658109854941e-02 3.711872723282128028e-02 7.910000000000000364e-01 7.630000000000000115e-01
3.188778779000781688e-02 3.628955981147913984e-02 7.984999999999999876e-01 7.650000000000000133e-01
3.201694516602128504e-02 3.665588218853254449e-02 7.994999999999999885e-01 7.710000000000000187e-01
3.468520048466389172e-02 3.910909240735020720e-02 7.770000000000000240e-01 7.479999999999999982e-01
3.064952635462057581e-02 3.534534322781357485e-02 8.004999999999999893e-01 7.750000000000000222e-01
3.252459066177252472e-02 3.697946741734638859e-02 7.830000000000000293e-01 7.520000000000000018e-01
3.045428097681448371e-02 3.543219606244233516e-02 8.094999999999999973e-01 7.640000000000000124e-01
3.172900669003458213e-02 3.593207195716568991e-02 7.824999999999999734e-01 7.530000000000000027e-01
3.381479904917372020e-02 3.874466606106468508e-02 7.954999999999999849e-01 7.640000000000000124e-01
3.051596070716983133e-02 3.515792948620848762e-02 7.954999999999999849e-01 7.660000000000000142e-01
3.302552285407027444e-02 3.802451176287675871e-02 8.050000000000000488e-01 7.740000000000000213e-01
3.385811680590594674e-02 3.819406990923834844e-02 7.894999999999999796e-01 7.610000000000000098e-01
3.041527416067613121e-02 3.466059353475158672e-02 7.984999999999999876e-01 7.760000000000000231e-01
2.944646667891303096e-02 3.448745494706558640e-02 8.169999999999999485e-01 7.730000000000000204e-01
3.134916171465885332e-02 3.573447519079039209e-02 7.960000000000000409e-01 7.560000000000000053e-01
2.920649067304906255e-02 3.403614158009711510e-02 8.070000000000000506e-01 7.710000000000000187e-01
3.093641020618141668e-02 3.571073893378834407e-02 7.974999999999999867e-01 7.730000000000000204e-01
2.911364640515189464e-02 3.422724571949923439e-02 8.120000000000000551e-01 7.760000000000000231e-01
2.804202944487947310e-02 3.319414786061487127e-02 8.129999999999999449e-01 7.820000000000000284e-01
3.135916157000824545e-02 3.677064726273996526e-02 8.010000000000000453e-01 7.640000000000000124e-01
2.928423033770852571e-02 3.454740924540067315e-02 8.114999999999999991e-01 7.700000000000000178e-01
2.898473997374072589e-02 3.409771260135800036e-02 8.149999999999999467e-01 7.820000000000000284e-01
2.948022226518935002e-02 3.427135592926811025e-02 8.030000000000000471e-01 7.620000000000000107e-01
3.025366079446225806e-02 3.545862074215280074e-02 8.125000000000000000e-01 7.790000000000000258e-01
2.869381711227485948e-02 3.381322987015631526e-02 8.114999999999999991e-01 7.850000000000000311e-01
2.898312766093416593e-02 3.432704658348618293e-02 8.239999999999999547e-01 7.900000000000000355e-01
3.063457027986120351e-02 3.576642315083385093e-02 7.994999999999999885e-01 7.680000000000000160e-01
2.964537651245102712e-02 3.524074767445391221e-02 8.024999999999999911e-01 7.650000000000000133e-01
2.950053964863561667e-02 3.471704670639242513e-02 8.024999999999999911e-01 7.760000000000000231e-01
2.973872508672153678e-02 3.515434115976333318e-02 8.024999999999999911e-01 7.700000000000000178e-01
2.966365981514917233e-02 3.517718537264390849e-02 8.139999999999999458e-01 7.780000000000000249e-01
2.757658121452407143e-02 3.302986659271728298e-02 8.149999999999999467e-01 7.800000000000000266e-01
2.894253637350568606e-02 3.477911950991585677e-02 8.245000000000000107e-01 7.720000000000000195e-01
2.927968760057176462e-02 3.498726461576455449e-02 8.205000000000000071e-01 7.850000000000000311e-01
3.115347608737221302e-02 3.711215833962246829e-02 8.044999999999999929e-01 7.620000000000000107e-01
2.863872199784335548e-02 3.459882019033409112e-02 8.175000000000000044e-01 7.800000000000000266e-01
2.842138151529902124e-02 3.418046667863278848e-02 8.179999999999999494e-01 7.860000000000000320e-01
3.035974136258773673e-02 3.611505698313138835e-02 8.064999999999999947e-01 7.780000000000000249e-01
2.792887782441318481e-02 3.366976768661070901e-02 8.309999999999999609e-01 7.880000000000000338e-01
2.928604628712624947e-02 3.543288663744079137e-02 8.245000000000000107e-01 7.820000000000000284e-01
2.790802832912787565e-02 3.371216940732546519e-02 8.135000000000000009e-01 7.720000000000000195e-01
2.789323875113942225e-02 3.338129399788847262e-02 8.129999999999999449e-01 7.820000000000000284e-01
2.825984351571006470e-02 3.385124211943964928e-02 8.159999999999999476e-01 7.830000000000000293e-01
2.695529979671867915e-02 3.299246234415343509e-02 8.329999999999999627e-01 7.820000000000000284e-01
2.707812148840128136e-02 3.295091021581105645e-02 8.315000000000000169e-01 7.860000000000000320e-01
2.681297726945704174e-02 3.231826730348853066e-02 8.259999999999999565e-01 7.890000000000000346e-01
2.876395048065675045e-02 3.472816520449180377e-02 8.249999999999999556e-01 7.820000000000000284e-01
3.058108477343654888e-02 3.664517856620518738e-02 8.084999999999999964e-01 7.790000000000000258e-01
2.838362198513098497e-02 3.394718964716834930e-02 7.984999999999999876e-01 7.660000000000000142e-01
2.846228167346252433e-02 3.401018316931468666e-02 8.064999999999999947e-01 7.680000000000000160e-01
2.871025300811262324e-02 3.461909970167464934e-02 8.175000000000000044e-01 7.790000000000000258e-01
2.788335969774340811e-02 3.371125464055977489e-02 8.205000000000000071e-01 7.900000000000000355e-01
2.752149111191526387e-02 3.383406607648506426e-02 8.275000000000000133e-01 7.870000000000000329e-01
2.582733520388708418e-02 3.193839836869456772e-02 8.399999999999999689e-01 7.900000000000000355e-01
2.599737665653368071e-02 3.216549570076977782e-02 8.405000000000000249e-01 7.870000000000000329e-01
2.720395560784044306e-02 3.352569941569558121e-02 8.369999999999999662e-01 7.860000000000000320e-01
2.686313279112225588e-02 3.295603090019967596e-02 8.365000000000000213e-01 7.920000000000000373e-01
2.750408032187634175e-02 3.394177922715362061e-02 8.315000000000000169e-01 7.800000000000000266e-01
2.572385443572447472e-02 3.174285549926856437e-02 8.305000000000000160e-01 7.910000000000000364e-01
2.738004587701395320e-02 3.299705592175907615e-02 8.145000000000000018e-01 7.730000000000000204e-01
2.633362111490269650e-02 3.239108717785052494e-02 8.239999999999999547e-01 7.860000000000000320e-01
2.535018354535104393e-02 3.155337883096874518e-02 8.395000000000000240e-01 7.920000000000000373e-01
2.572916026027673858e-02 3.234562101257496686e-02 8.379999999999999671e-01 7.850000000000000311e-01
2.578417218617422985e-02 3.212687044273430936e-02 8.405000000000000249e-01 7.940000000000000391e-01
2.611274062717958491e-02 3.231032159927240549e-02 8.379999999999999671e-01 7.920000000000000373e-01
2.787980676816937883e-02 3.475000724711017897e-02 8.249999999999999556e-01 7.690000000000000169e-01
2.927250928605590330e-02 3.607671410943096013e-02 8.235000000000000098e-01 7.800000000000000266e-01
2.720642281145889407e-02 3.399446832785300160e-02 8.379999999999999671e-01 7.850000000000000311e-01
2.840039719234509208e-02 3.530096290409528298e-02 8.239999999999999547e-01 7.760000000000000231e-01
2.805463300466447957e-02 3.468549649823058495e-02 8.189999999999999503e-01 7.680000000000000160e-01
2.632393013372983509e-02 3.250210502058042961e-02 8.199999999999999512e-01 7.770000000000000240e-01
2.628577760747481326e-02 3.274061303798150163e-02 8.385000000000000231e-01 7.870000000000000329e-01
2.650490367671624187e-02 3.276518597260531795e-02 8.225000000000000089e-01 7.860000000000000320e-01
2.765813781583782022e-02 3.450917016460586240e-02 8.285000000000000142e-01 7.710000000000000187e-01
2.553438607978645095e-02 3.211134932267450254e-02 8.435000000000000275e-01 7.940000000000000391e-01
2.481157727361502779e-02 3.119404877990916009e-02 8.369999999999999662e-01 7.980000000000000426e-01
2.504136705888795542e-02 3.140219941343002502e-02 8.369999999999999662e-01 7.960000000000000409e-01
2.488521422447394563e-02 3.122664079203642598e-02 8.405000000000000249e-01 8.010000000000000453e-01
2.508481817883212797e-02 3.172505359428551969e-02 8.405000000000000249e-01 8.020000000000000462e-01
2.644547492575218331e-02 3.320762674148802773e-02 8.355000000000000204e-01 7.950000000000000400e-01
2.517280680638693188e-02 3.201930167133415495e-02 8.409999999999999698e-01 7.920000000000000373e-01
2.550830556382874259e-02 3.214433541908552627e-02 8.405000000000000249e-01 7.930000000000000382e-01
2.494068093593488494e-02 3.131883703572027611e-02 8.499999999999999778e-01 7.980000000000000426e-01
2.634471425889585092e-02 3.279760060237495167e-02 8.295000000000000151e-01 7.850000000000000311e-01
2.523559042692420304e-02 3.175456315702444160e-02 8.379999999999999671e-01 7.910000000000000364e-01
2.483745557807591139e-02 3.150756847480263440e-02 8.469999999999999751e-01 7.970000000000000417e-01
2.544963601615421109e-02 3.233356980367076139e-02 8.425000000000000266e-01 7.930000000000000382e-01
2.504864124930363672e-02 3.174079285030478176e-02 8.379999999999999671e-01 7.910000000000000364e-01
2.533437500351391758e-02 3.236694054945357668e-02 8.449999999999999734e-01 7.880000000000000338e-01
2.572062189011937658e-02 3.258821419716984719e-02 8.265000000000000124e-01 7.800000000000000266e-01
2.559389963147316524e-02 3.279117943999797918e-02 8.439999999999999725e-01 7.920000000000000373e-01
2.529386485192505751e-02 3.262889673933608292e-02 8.435000000000000275e-01 7.880000000000000338e-01
2.574627107959282651e-02 3.245905874899679411e-02 8.265000000000000124e-01 7.770000000000000240e-01
2.530137294994147523e-02 3.174676760658778213e-02 8.385000000000000231e-01 8.020000000000000462e-01
2.556097854185995777e-02 3.229503497509855769e-02 8.395000000000000240e-01 7.850000000000000311e-01
2.483408508141506793e-02 3.172683864679270993e-02 8.449999999999999734e-01 7.940000000000000391e-01
2.707041840601156005e-02 3.444250320736993998e-02 8.349999999999999645e-01 7.780000000000000249e-01
2.579279726739463693e-02 3.293167514554213443e-02 8.465000000000000302e-01 7.940000000000000391e-01
2.521238797704936779e-02 3.232124633982771944e-02 8.355000000000000204e-01 7.900000000000000355e-01
2.515624378562255140e-02 3.201933212350171337e-02 8.395000000000000240e-01 7.970000000000000417e-01
2.504265565011583664e-02 3.206344497608400179e-02 8.435000000000000275e-01 7.900000000000000355e-01
2.452807611454307229e-02 3.170412217845030439e-02 8.479999999999999760e-01 7.930000000000000382e-01
2.453378844557419294e-02 3.177642077986577579e-02 8.459999999999999742e-01 7.940000000000000391e-01
2.406773902319811823e-02 3.100609623458766562e-02 8.425000000000000266e-01 7.940000000000000391e-01
2.699080503491105634e-02 3.398421580787371749e-02 8.299999999999999600e-01 7.780000000000000249e-01
2.513509075121692082e-02 3.188336102129691457e-02 8.419999999999999707e-01 8.000000000000000444e-01
2.537781171097682961e-02 3.201723201219607712e-02 8.389999999999999680e-01 7.910000000000000364e-01
2.374963343967289794e-02 3.051209021845121411e-02 8.499999999999999778e-01 8.030000000000000471e-01
2.505874973945059619e-02 3.227726864534298523e-02 8.459999999999999742e-01 7.930000000000000382e-01
2.539943796600825296e-02 3.221764675344541279e-02 8.355000000000000204e-01 7.880000000000000338e-01
2.510066367257594508e-02 3.231563042855319784e-02 8.465000000000000302e-01 7.900000000000000355e-01
2.439612694357443448e-02 3.131437520783417888e-02 8.395000000000000240e-01 7.970000000000000417e-01
2.565602727159049454e-02 3.320327297699599695e-02 8.399999999999999689e-01 7.910000000000000364e-01
2.557894317553087091e-02 3.297455136536161374e-02 8.415000000000000258e-01 7.930000000000000382e-01
2.481616862419111155e-02 3.224789553368963974e-02 8.509999999999999787e-01 7.890000000000000346e-01
2.423902226191343781e-02 3.149484577220506426e-02 8.519999999999999796e-01 7.930000000000000382e-01
2.389839004951578583e-02 3.084033018992950181e-02 8.489999999999999769e-01 7.980000000000000426e-01
2.469304299911663156e-02 3.222564447782421543e-02 8.499999999999999778e-01 7.910000000000000364e-01
2.457617196553062849e-02 3.191080931097341200e-02 8.485000000000000320e-01 7.960000000000000409e-01
2.507821401954730273e-02 3.240359685177178484e-02 8.459999999999999742e-01 7.880000000000000338e-01
2.435506277548072501e-02 3.109069659779721551e-02 8.459999999999999742e-01 8.060000000000000497e-01
2.444389462963621890e-02 3.175765301485956177e-02 8.515000000000000346e-01 7.970000000000000417e-01
2.417157110369329981e-02 3.109551636324494120e-02 8.419999999999999707e-01 7.940000000000000391e-01
2.419815172654977281e-02 3.130281280086033568e-02 8.519999999999999796e-01 8.030000000000000471e-01
2.467230664068742821e-02 3.190156110188716032e-02 8.455000000000000293e-01 7.940000000000000391e-01
2.377623953488822509e-02 3.133259901364186806e-02 8.535000000000000364e-01 7.960000000000000409e-01
2.457941279096565249e-02 3.189224031146334348e-02 8.469999999999999751e-01 7.950000000000000400e-01
2.496670130636192628e-02 3.220447947211724921e-02 8.459999999999999742e-01 7.890000000000000346e-01
2.331330187096437162e-02 3.071475409789420699e-02 8.529999999999999805e-01 7.980000000000000426e-01
2.385779214769049791e-02 3.056276187105291461e-02 8.475000000000000311e-01 8.010000000000000453e-01
2.456316802065892230e-02 3.170380385934459117e-02 8.429999999999999716e-01 7.910000000000000364e-01
2.469049104561853517e-02 3.221462489200381529e-02 8.445000000000000284e-01 7.880000000000000338e-01
2.457890733403203173e-02 3.232814223474887033e-02 8.495000000000000329e-01 7.880000000000000338e-01
2.591816847886603201e-02 3.346632042524649853e-02 8.415000000000000258e-01 7.830000000000000293e-01
2.374894715295270547e-02 3.104493783166150170e-02 8.495000000000000329e-01 7.910000000000000364e-01
2.396564132219628634e-02 3.142228445874854087e-02 8.479999999999999760e-01 7.950000000000000400e-01
2.302221102915064099e-02 3.045101684522252827e-02 8.589999999999999858e-01 8.020000000000000462e-01
2.461736635710329996e-02 3.171301479662930883e-02 8.319999999999999618e-01 7.890000000000000346e-01
2.396846944879063579e-02 3.140775537085076924e-02 8.545000000000000373e-01 8.050000000000000488e-01
2.311666322825998293e-02 3.016181956648943466e-02 8.595000000000000417e-01 8.070000000000000506e-01
2.369829006033688859e-02 3.115543006211666036e-02 8.519999999999999796e-01 7.930000000000000382e-01
2.504228639232195658e-02 3.204127834352369503e-02 8.355000000000000204e-01 7.920000000000000373e-01
2.403714652934817869e-02 3.165019065351843547e-02 8.515000000000000346e-01 8.000000000000000444e-01
2.479459578665354005e-02 3.219922365300539879e-02 8.409999999999999698e-01 7.910000000000000364e-01
2.415577347963647828e-02 3.146284439734125388e-02 8.399999999999999689e-01 7.890000000000000346e-01
2.356068056400659888e-02 3.110854021454374438e-02 8.569999999999999840e-01 8.030000000000000471e-01
2.291837735159071507e-02 3.038802451866104773e-02 8.555000000000000382e-01 8.020000000000000462e-01
2.439333592461582004e-02 3.206528991810592144e-02 8.469999999999999751e-01 8.010000000000000453e-01
2.405701705387920317e-02 3.127981973289892942e-02 8.485000000000000320e-01 8.000000000000000444e-01
2.372588855520775530e-02 3.099395264048697418e-02 8.599999999999999867e-01 8.050000000000000488e-01
2.334909416438259860e-02 3.096269717125689491e-02 8.539999999999999813e-01 7.920000000000000373e-01
2.502576500298876738e-02 3.251023690626908547e-02 8.389999999999999680e-01 7.930000000000000382e-01
2.388458082219760414e-02 3.116569690632824824e-02 8.519999999999999796e-01 7.910000000000000364e-01
2.354198239214412569e-02 3.115762327349896887e-02 8.525000000000000355e-01 7.920000000000000373e-01
2.381395961965394881e-02 3.142403037294175944e-02 8.535000000000000364e-01 7.960000000000000409e-01
2.461001366961574136e-02 3.203867056369060634e-02 8.449999999999999734e-01 7.910000000000000364e-01
2.359894127707392458e-02 3.085518006032111904e-02 8.565000000000000391e-01 8.010000000000000453e-01
2.308673171831000792e-02 3.061979926033571789e-02 8.559999999999999831e-01 7.940000000000000391e-01
2.306534664892983047e-02 3.049657897087797512e-02 8.549999999999999822e-01 7.940000000000000391e-01
2.360857258595812705e-02 3.109640537648406325e-02 8.499999999999999778e-01 7.950000000000000400e-01
2.314287060003530558e-02 3.060925196465725043e-02 8.589999999999999858e-01 8.030000000000000471e-01
2.302036844026321069e-02 3.092065819575263996e-02 8.565000000000000391e-01 8.000000000000000444e-01
2.357254390441348296e-02 3.125642635537408814e-02 8.549999999999999822e-01 7.990000000000000435e-01
2.272101033422895683e-02 3.044485049207095936e-02 8.595000000000000417e-01 7.980000000000000426e-01
2.339975630424880396e-02 3.122356086139147294e-02 8.495000000000000329e-01 7.990000000000000435e-01
2.476427239540688122e-02 3.212263633916571243e-02 8.455000000000000293e-01 7.970000000000000417e-01
2.267412105598572494e-02 3.029090195107588673e-02 8.579999999999999849e-01 7.990000000000000435e-01
2.300205283763918224e-02 3.039400498559580860e-02 8.555000000000000382e-01 8.020000000000000462e-01
2.289171078683025981e-02 3.061888891413400496e-02 8.635000000000000453e-01 8.040000000000000480e-01
2.480328228416562100e-02 3.240534591622753341e-02 8.429999999999999716e-01 7.980000000000000426e-01
2.238290911964975829e-02 3.012624711286225609e-02 8.625000000000000444e-01 8.050000000000000488e-01
2.330192432498475602e-02 3.074925017275976363e-02 8.565000000000000391e-01 8.050000000000000488e-01
2.308708956404785170e-02 3.051381327485240547e-02 8.559999999999999831e-01 8.090000000000000524e-01
2.279329961707610153e-02 3.030804822095315224e-02 8.589999999999999858e-01 8.070000000000000506e-01
2.360912032138738625e-02 3.132139601451838090e-02 8.509999999999999787e-01 7.970000000000000417e-01
2.406545959531631446e-02 3.198194842986882419e-02 8.609999999999999876e-01 8.020000000000000462e-01
2.290358602039671218e-02 3.044888803447030196e-02 8.565000000000000391e-01 7.980000000000000426e-01
2.286784808210041292e-02 3.049467046099334916e-02 8.515000000000000346e-01 7.960000000000000409e-01
2.255928158172413461e-02 3.022772799653702241e-02 8.579999999999999849e-01 7.980000000000000426e-01
2.301219601558188513e-02 3.042778230489631003e-02 8.535000000000000364e-01 8.030000000000000471e-01
2.218022909020279584e-02 2.951710491786177504e-02 8.585000000000000409e-01 8.070000000000000506e-01
2.354942725794560016e-02 3.134677632082392973e-02 8.485000000000000320e-01 7.950000000000000400e-01
2.351082134890943032e-02 3.119896370611771608e-02 8.465000000000000302e-01 7.940000000000000391e-01
2.271364144307191565e-02 3.071567635937244231e-02 8.639999999999999902e-01 7.970000000000000417e-01
2.225349104734766076e-02 3.000575964060689729e-02 8.635000000000000453e-01 8.030000000000000471e-01
2.348757682648350623e-02 3.121607315239240121e-02 8.539999999999999813e-01 7.970000000000000417e-01
2.344886396125782022e-02 3.145980877842863288e-02 8.625000000000000444e-01 8.020000000000000462e-01
2.231314749393425306e-02 3.039921697246056667e-02 8.585000000000000409e-01 7.990000000000000435e-01
2.331075899816492658e-02 3.116934170965430378e-02 8.525000000000000355e-01 7.920000000000000373e-01
2.370168280706567987e-02 3.164132236194927561e-02 8.549999999999999822e-01 8.000000000000000444e-01
2.283278384446054202e-02 3.060004207324149017e-02 8.625000000000000444e-01 8.040000000000000480e-01
2.259199129223281657e-02 3.037313575613673558e-02 8.595000000000000417e-01 8.060000000000000497e-01
2.475886841935265315e-02 3.301193849943241665e-02 8.419999999999999707e-01 7.730000000000000204e-01
2.334919778995732040e-02 3.159017002420140552e-02 8.539999999999999813e-01 7.920000000000000373e-01
2.289165176835318213e-02 3.052148810319948655e-02 8.525000000000000355e-01 7.900000000000000355e-01
2.253757689359719985e-02 3.038667640144909754e-02 8.605000000000000426e-01 8.000000000000000444e-01
2.213233704748130207e-02 2.960837058492455862e-02 8.579999999999999849e-01 8.020000000000000462e-01
2.313791934456523036e-02 3.101086358362642806e-02 8.525000000000000355e-01 7.980000000000000426e-01
2.373022088866588719e-02 3.162896434427942688e-02 8.569999999999999840e-01 8.000000000000000444e-01
2.259595121547166782e-02 3.040234312967297209e-02 8.605000000000000426e-01 8.050000000000000488e-01
2.211071354099352140e-02 2.987954995917418630e-02 8.629999999999999893e-01 8.080000000000000515e-01
2.287081397714506650e-02 3.040423734809780121e-02 8.565000000000000391e-01 8.050000000000000488e-01
2.194317796497545145e-02 2.954661801727653456e-02 8.619999999999999885e-01 8.070000000000000506e-01
2.300143108050334284e-02 3.087238106279933600e-02 8.575000000000000400e-01 7.990000000000000435e-01
2.317703434721632427e-02 3.080441152812658789e-02 8.555000000000000382e-01 8.010000000000000453e-01
2.286231097090300063e-02 3.078372211050901808e-02 8.519999999999999796e-01 7.910000000000000364e-01
2.304939026072516314e-02 3.111934147872676137e-02 8.605000000000000426e-01 8.040000000000000480e-01
2.325637228142906146e-02 3.161085927995333639e-02 8.549999999999999822e-01 7.900000000000000355e-01
2.262468959344677080e-02 3.065265027722961777e-02 8.579999999999999849e-01 7.950000000000000400e-01
2.227534577742716973e-02 3.030137350230152626e-02 8.619999999999999885e-01 7.990000000000000435e-01
2.233854798445080239e-02 3.045403606617942335e-02 8.605000000000000426e-01 7.980000000000000426e-01
2.218879820400815328e-02 3.029269397219865045e-02 8.625000000000000444e-01 7.990000000000000435e-01
2.365776815308152925e-02 3.162795041024133585e-02 8.509999999999999787e-01 7.880000000000000338e-01
2.199763980526587420e-02 3.009749659279152556e-02 8.629999999999999893e-01 8.070000000000000506e-01
2.403102328410204949e-02 3.229743927256276126e-02 8.475000000000000311e-01 7.900000000000000355e-01
2.251936360334596404e-02 3.050558022112435236e-02 8.599999999999999867e-01 7.980000000000000426e-01
2.307280440663160570e-02 3.120215119127896578e-02 8.575000000000000400e-01 7.990000000000000435e-01
2.232907737283011326e-02 3.042054874230556288e-02 8.599999999999999867e-01 8.020000000000000462e-01
2.263916978275144765e-02 3.058817629371020363e-02 8.609999999999999876e-01 7.930000000000000382e-01
2.256488179136445504e-02 3.051499188222196041e-02 8.589999999999999858e-01 8.030000000000000471e-01
2.207256974276074202e-02 3.007875880288938056e-02 8.619999999999999885e-01 8.070000000000000506e-01
2.172201948470565622e-02 2.947391474180371951e-02 8.665000000000000480e-01 8.110000000000000542e-01
2.233418099791438863e-02 3.046080166244596529e-02 8.545000000000000373e-01 8.010000000000000453e-01
2.160395099886094211e-02 2.949106620250759037e-02 8.625000000000000444e-01 8.060000000000000497e-01
2.206965193332357730e-02 2.988032177829231389e-02 8.655000000000000471e-01 7.960000000000000409e-01
2.262812114409007078e-02 3.075929854407202790e-02 8.559999999999999831e-01 7.980000000000000426e-01
2.229421820419779168e-02 3.040549742294163665e-02 8.605000000000000426e-01 7.950000000000000400e-01
2.256931301320635672e-02 3.009992220578909181e-02 8.545000000000000373e-01 8.030000000000000471e-01
2.418647203737919055e-02 3.210963511450119767e-02 8.485000000000000320e-01 7.910000000000000364e-01
2.213965075671369895e-02 2.988385688862154124e-02 8.535000000000000364e-01 7.970000000000000417e-01
2.264464045282151353e-02 3.065965583123361413e-02 8.525000000000000355e-01 7.880000000000000338e-01
2.255880565906370414e-02 3.084465998820036872e-02 8.615000000000000435e-01 8.040000000000000480e-01
2.275699045202088031e-02 3.052149296829438641e-02 8.565000000000000391e-01 8.030000000000000471e-01
2.208434953320590963e-02 3.057222039657787188e-02 8.645000000000000462e-01 7.980000000000000426e-01
2.193462187153803755e-02 3.020628007192847214e-02 8.669999999999999929e-01 8.060000000000000497e-01
2.280039652518633941e-02 3.093784653409588706e-02 8.625000000000000444e-01 8.020000000000000462e-01
2.206017015520985586e-02 2.949669167553219118e-02 8.515000000000000346e-01 7.990000000000000435e-01
2.253239820462431958e-02 3.047873672849569712e-02 8.599999999999999867e-01 8.030000000000000471e-01
2.180025761369199302e-02 2.983228615639984746e-02 8.635000000000000453e-01 8.000000000000000444e-01
2.178030982789296022e-02 2.989222258417170361e-02 8.625000000000000444e-01 7.970000000000000417e-01
2.248751654221006757e-02 3.037694909456293418e-02 8.539999999999999813e-01 8.010000000000000453e-01
2.139172518762341019e-02 2.967558397516432966e-02 8.645000000000000462e-01 8.010000000000000453e-01
2.224970279648190441e-02 3.031576836085442261e-02 8.625000000000000444e-01 8.020000000000000462e-01
2.276696525917334263e-02 3.116583766361981020e-02 8.535000000000000364e-01 7.940000000000000391e-01
2.188706895781225570e-02 2.946617801448680324e-02 8.575000000000000400e-01 8.070000000000000506e-01
2.144141360272586866e-02 2.966589432447939295e-02 8.659999999999999920e-01 8.080000000000000515e-01
2.245303878455565463e-02 3.071647832394967803e-02 8.539999999999999813e-01 7.930000000000000382e-01
2.185726493424688943e-02 3.013465780418660492e-02 8.629999999999999893e-01 8.120000000000000551e-01
2.322546242357446597e-02 3.179342797829161349e-02 8.569999999999999840e-01 7.910000000000000364e-01
2.131320562391810294e-02 2.961821872929103899e-02 8.625000000000000444e-01 8.090000000000000524e-01
2.107378780561638965e-02 2.939823293845295060e-02 8.675000000000000488e-01 8.139999999999999458e-01
2.315096591653510033e-02 3.186770882425833673e-02 8.575000000000000400e-01 7.920000000000000373e-01
2.185425683684861023e-02 2.991609329197416484e-02 8.639999999999999902e-01 7.980000000000000426e-01
2.256261028314038644e-02 3.088104523132036497e-02 8.449999999999999734e-01 7.900000000000000355e-01
2.117619421786260184e-02 2.946606299286307420e-02 8.659999999999999920e-01 8.050000000000000488e-01
2.139927575074189112e-02 2.964131987718111524e-02 8.669999999999999929e-01 8.110000000000000542e-01
2.233846441996894736e-02 3.055233987334761425e-02 8.649999999999999911e-01 8.100000000000000533e-01
2.257337171494390796e-02 3.049354665583924734e-02 8.509999999999999787e-01 7.970000000000000417e-01
2.255532196453629776e-02 3.089277550215307339e-02 8.499999999999999778e-01 7.910000000000000364e-01
2.177000923819172665e-02 3.017534288458427472e-02 8.655000000000000471e-01 8.060000000000000497e-01
2.167794891089233969e-02 3.020874160077380646e-02 8.645000000000000462e-01 8.060000000000000497e-01
2.234074228995114667e-02 3.026059188854200721e-02 8.635000000000000453e-01 8.080000000000000515e-01
2.122069599365347323e-02 2.945122906276513922e-02 8.685000000000000497e-01 8.080000000000000515e-01
2.161128628329446119e-02 2.980178480413844117e-02 8.645000000000000462e-01 8.040000000000000480e-01
2.220048555451900954e-02 3.065802036341686368e-02 8.649999999999999911e-01 8.060000000000000497e-01
2.262056723822664095e-02 3.072462067338560532e-02 8.495000000000000329e-01 7.920000000000000373e-01
2.239077760860754690e-02 3.081306016388033267e-02 8.599999999999999867e-01 7.990000000000000435e-01
2.212450225113346894e-02 3.064196328253608950e-02 8.565000000000000391e-01 7.940000000000000391e-01
2.229551739140401764e-02 3.088598776474929183e-02 8.625000000000000444e-01 7.970000000000000417e-01
2.314702430512318235e-02 3.164606229633702694e-02 8.559999999999999831e-01 7.960000000000000409e-01
2.242854637195936668e-02 3.093063505996943713e-02 8.605000000000000426e-01 7.950000000000000400e-01
2.158089862047551585e-02 2.993586488588146494e-02 8.675000000000000488e-01 8.050000000000000488e-01
2.182789937473549394e-02 2.979941131849722646e-02 8.569999999999999840e-01 8.050000000000000488e-01
2.160079991130297097e-02 3.009665855826125502e-02 8.629999999999999893e-01 8.030000000000000471e-01
2.189937939627910682e-02 3.007155162981845278e-02 8.599999999999999867e-01 8.050000000000000488e-01
2.222201575512362456e-02 3.099882968857625015e-02 8.635000000000000453e-01 7.980000000000000426e-01
2.160004985084533480e-02 3.009294963114697227e-02 8.665000000000000480e-01 8.110000000000000542e-01
2.182349289503876869e-02 2.996373907249654314e-02 8.639999999999999902e-01 8.120000000000000551e-01
2.320810901451488689e-02 3.210585808335847391e-02 8.529999999999999805e-01 7.850000000000000311e-01
2.179347525951008668e-02 2.975603345895442425e-02 8.579999999999999849e-01 8.090000000000000524e-01
2.179656867630539938e-02 2.991008213804671398e-02 8.685000000000000497e-01 8.120000000000000551e-01
2.328661032046125401e-02 3.186595538490776675e-02 8.569999999999999840e-01 7.920000000000000373e-01
2.139437125814512217e-02 2.968553264543779754e-02 8.625000000000000444e-01 8.080000000000000515e-01
2.124897806526947555e-02 2.952661439419854497e-02 8.675000000000000488e-01 8.120000000000000551e-01
2.107476048763575957e-02 2.921282042909433690e-02 8.685000000000000497e-01 8.060000000000000497e-01
2.329746291075887599e-02 3.130205901890247000e-02 8.455000000000000293e-01 7.920000000000000373e-01
2.175804237570001451e-02 3.017937592856962878e-02 8.689999999999999947e-01 8.110000000000000542e-01
2.208787238222282776e-02 3.053897140907325253e-02 8.605000000000000426e-01 7.970000000000000417e-01
2.194292598180887927e-02 3.032670067343666565e-02 8.629999999999999893e-01 7.980000000000000426e-01
2.194410247946407613e-02 3.024382866577952911e-02 8.559999999999999831e-01 7.940000000000000391e-01
2.066129557560003605e-02 2.895994441349832374e-02 8.689999999999999947e-01 8.139999999999999458e-01
2.233015178868064457e-02 3.093690842892695553e-02 8.599999999999999867e-01 8.030000000000000471e-01
2.128856424278730355e-02 2.987361748759314109e-02 8.689999999999999947e-01 8.120000000000000551e-01
2.158542054501378857e-02 3.020026576169275445e-02 8.629999999999999893e-01 7.970000000000000417e-01
2.130259892481729811e-02 2.965558684178480620e-02 8.659999999999999920e-01 8.060000000000000497e-01
2.393616432902458818e-02 3.202041561437977968e-02 8.319999999999999618e-01 7.800000000000000266e-01
2.083252138570277842e-02 2.927837531570359059e-02 8.685000000000000497e-01 8.100000000000000533e-01
2.269691297627763824e-02 3.120519980856446829e-02 8.495000000000000329e-01 7.940000000000000391e-01
2.236425190595495160e-02 3.051210295731843214e-02 8.499999999999999778e-01 7.980000000000000426e-01
2.152536289591405402e-02 2.966196247160913721e-02 8.619999999999999885e-01 8.080000000000000515e-01
2.335698894097320774e-02 3.212108642987074325e-02 8.535000000000000364e-01 7.960000000000000409e-01
2.121985257847057438e-02 2.987279482659647989e-02 8.625000000000000444e-01 8.050000000000000488e-01
2.186832402555923677e-02 3.052402342734244350e-02 8.609999999999999876e-01 8.000000000000000444e-01
2.096149457070161162e-02 2.955348390212724288e-02 8.699999999999999956e-01 8.040000000000000480e-01
2.145792590631871374e-02 2.989828489248898269e-02 8.655000000000000471e-01 8.040000000000000480e-01
2.224175058344069270e-02 3.098571067548804708e-02 8.645000000000000462e-01 7.980000000000000426e-01
2.175655852875191254e-02 3.040311126762550165e-02 8.625000000000000444e-01 7.970000000000000417e-01
2.336190179713724599e-02 3.230516245814549214e-02 8.565000000000000391e-01 7.890000000000000346e-01
2.183019789611705466e-02 3.055678099500652722e-02 8.565000000000000391e-01 8.020000000000000462e-01
2.133504206731857283e-02 2.961184210538000960e-02 8.635000000000000453e-01 8.030000000000000471e-01
1.994836371002075420e-02 2.816657627465755931e-02 8.719999999999999973e-01 8.169999999999999485e-01
2.101791379268973248e-02 2.966965142598564434e-02 8.695000000000000506e-01 8.050000000000000488e-01
2.109669217742498118e-02 3.011089244826364517e-02 8.675000000000000488e-01 8.000000000000000444e-01
2.099793570659623868e-02 2.945610989549033928e-02 8.675000000000000488e-01 8.120000000000000551e-01
2.074522162550833382e-02 2.952143590335663120e-02 8.725000000000000533e-01 8.050000000000000488e-01
2.111494967004137746e-02 2.962953318468637340e-02 8.709999999999999964e-01 8.050000000000000488e-01
2.009957923854512746e-02 2.875891688277657648e-02 8.725000000000000533e-01 8.110000000000000542e-01
2.086389458564977262e-02 2.967021966149969645e-02 8.669999999999999929e-01 8.090000000000000524e-01
2.189359727236242850e-02 3.027632658828634943e-02 8.605000000000000426e-01 7.990000000000000435e-01
2.015486280811578865e-02 2.884588800138538842e-02 8.705000000000000515e-01 8.139999999999999458e-01
2.061470051890018293e-02 2.957896845646545633e-02 8.669999999999999929e-01 8.090000000000000524e-01
2.052882405734287805e-02 2.909831405094753798e-02 8.705000000000000515e-01 8.149999999999999467e-01
2.083031152067612440e-02 2.968824657379132495e-02 8.699999999999999956e-01 8.100000000000000533e-01
2.146852354066370455e-02 3.012058827847372347e-02 8.695000000000000506e-01 8.080000000000000515e-01
2.088911069378742227e-02 2.984445784921580316e-02 8.675000000000000488e-01 8.050000000000000488e-01
2.141987289634352670e-02 2.995833482242381968e-02 8.699999999999999956e-01 8.110000000000000542e-01
2.387951010053274148e-02 3.273081771167830889e-02 8.459999999999999742e-01 7.900000000000000355e-01
2.063674420382088925e-02 2.921261174889927884e-02 8.685000000000000497e-01 8.100000000000000533e-01
2.110169154746056527e-02 2.966297077384967909e-02 8.659999999999999920e-01 8.010000000000000453e-01
2.037085785504825705e-02 2.899094607800811740e-02 8.709999999999999964e-01 8.090000000000000524e-01
2.144996050252086228e-02 2.983397414279554197e-02 8.669999999999999929e-01 8.080000000000000515e-01
2.188742174289343145e-02 3.080479043837033165e-02 8.605000000000000426e-01 7.980000000000000426e-01
2.095288471365864408e-02 3.009982446075682577e-02 8.709999999999999964e-01 8.080000000000000515e-01
1.961153996732415902e-02 2.816340540692110692e-02 8.705000000000000515e-01 8.139999999999999458e-01
2.172349227054551704e-02 3.024451998191203875e-02 8.659999999999999920e-01 8.060000000000000497e-01
2.067467402921685862e-02 2.937392737285554611e-02 8.719999999999999973e-01 8.100000000000000533e-01
2.021578803812594874e-02 2.885589236132478710e-02 8.719999999999999973e-01 8.169999999999999485e-01
2.334757075156728562e-02 3.228216921311995863e-02 8.559999999999999831e-01 7.900000000000000355e-01
2.229150154998658928e-02 3.139991477858473934e-02 8.615000000000000435e-01 7.980000000000000426e-01
