9.025979912031040220e-02 9.037081700353165326e-02 2.730000000000000204e-01 2.270000000000000073e-01
8.920310521607985321e-02 8.942630274521524980e-02 2.839999999999999747e-01 2.730000000000000204e-01
8.504365720770581949e-02 8.515746118369600659e-02 4.914999999999999925e-01 4.799999999999999822e-01
7.813345681884907579e-02 7.827245345734458459e-02 4.984999999999999987e-01 4.889999999999999902e-01
6.757585433977358891e-02 6.809436339337190947e-02 5.655000000000000027e-01 5.530000000000000471e-01
6.402306624091660958e-02 6.426868557831560969e-02 6.324999999999999512e-01 6.199999999999999956e-01
5.874145972897248241e-02 5.990645175300515768e-02 6.159999999999999920e-01 6.019999999999999796e-01
5.210043891933451021e-02 5.338167573842005076e-02 6.700000000000000400e-01 6.550000000000000266e-01
4.936548916672250931e-02 5.124281647226005404e-02 6.564999999999999725e-01 6.380000000000000115e-01
4.765500904830966694e-02 4.939990721391661344e-02 6.790000000000000480e-01 6.700000000000000400e-01
4.202617044169437710e-02 4.417208157530436857e-02 7.259999999999999787e-01 7.059999999999999609e-01
4.074530363869730692e-02 4.299202779839501887e-02 7.399999999999999911e-01 7.109999999999999654e-01
3.954053762110787407e-02 4.261478939766746854e-02 7.345000000000000417e-01 6.879999999999999449e-01
3.848570199952407872e-02 4.140656491743108930e-02 7.409999999999999920e-01 7.129999999999999671e-01
3.693062178978333276e-02 3.980696687399053191e-02 7.425000000000000488e-01 7.219999999999999751e-01
3.659290118997329810e-02 3.957973761579935273e-02 7.630000000000000115e-01 7.339999999999999858e-01
3.853872622056638692e-02 4.126148341859300211e-02 7.385000000000000453e-01 7.179999999999999716e-01
3.503941094659818178e-02 3.883112093352632244e-02 7.660000000000000142e-01 7.349999999999999867e-01
3.647008991583641085e-02 3.940066841413305404e-02 7.514999999999999458e-01 7.309999999999999831e-01
3.903828603172616180e-02 4.352520688227190515e-02 7.489999999999999991e-01 6.989999999999999547e-01
3.649613056882330953e-02 4.019945791304126853e-02 7.694999999999999618e-01 7.399999999999999911e-01
3.681609914580970949e-02 4.115650002869167962e-02 7.760000000000000231e-01 7.459999999999999964e-01
3.422034921377779815e-02 3.795908216520180872e-02 7.780000000000000249e-01 7.520000000000000018e-01
3.475322044028267970e-02 3.902826019178651934e-02 7.750000000000000222e-01 7.510000000000000009e-01
3.197698652902945804e-02 3.623618107434148361e-02 7.920000000000000373e-01 7.630000000000000115e-01
3.160316889199605433e-02 3.607807414404307078e-02 7.954999999999999849e-01 7.610000000000000098e-01
3.244173101797107051e-02 3.709344217554692846e-02 7.820000000000000284e-01 7.399999999999999911e-01
3.101270290456535628e-02 3.546293317401274375e-02 7.904999999999999805e-01 7.650000000000000133e-01
3.258482213527103682e-02 3.764040911187205296e-02 7.980000000000000426e-01 7.580000000000000071e-01
3.179032324904897122e-02 3.644336195744233425e-02 7.854999999999999760e-01 7.439999999999999947e-01
3.279770808875150101e-02 3.736848849915904575e-02 7.834999999999999742e-01 7.500000000000000000e-01
2.987382973951419052e-02 3.547538181221260301e-02 8.139999999999999458e-01 7.690000000000000169e-01
2.977720059089980845e-02 3.489012017227867413e-02 8.020000000000000462e-01 7.680000000000000160e-01
2.793179020205432614e-02 3.339049212399985284e-02 8.199999999999999512e-01 7.670000000000000151e-01
2.986236953834749130e-02 3.459411050989114750e-02 7.910000000000000364e-01 7.600000000000000089e-01
2.845926975065894010e-02 3.334845984000697067e-02 8.090000000000000524e-01 7.700000000000000178e-01
2.745030422211018617e-02 3.247429768743308881e-02 8.064999999999999947e-01 7.740000000000000213e-01
2.858388501819128513e-02 3.429448462812061116e-02 8.179999999999999494e-01 7.740000000000000213e-01
2.641486294316816932e-02 3.189668323097118174e-02 8.205000000000000071e-01 7.830000000000000293e-01
2.730314199471363737e-02 3.299896052212703684e-02 8.189999999999999503e-01 7.770000000000000240e-01
2.596363153205942867e-02 3.220882901029672313e-02 8.379999999999999671e-01 7.820000000000000284e-01
2.716063018251122646e-02 3.338778795807754302e-02 8.269999999999999574e-01 7.740000000000000213e-01
2.678291388524286359e-02 3.288919478577848748e-02 8.309999999999999609e-01 7.930000000000000382e-01
2.736892606860948096e-02 3.373112159921241859e-02 8.155000000000000027e-01 7.680000000000000160e-01
2.556938037686503490e-02 3.212743966933921669e-02 8.405000000000000249e-01 7.900000000000000355e-01
2.800341670914361855e-02 3.394217691562544104e-02 8.139999999999999458e-01 7.710000000000000187e-01
2.713830480881092647e-02 3.378621541661300937e-02 8.229999999999999538e-01 7.730000000000000204e-01
2.827052241711162928e-02 3.380317217805606927e-02 8.149999999999999467e-01 7.730000000000000204e-01
2.556111600134282694e-02 3.199421430843463199e-02 8.449999999999999734e-01 7.780000000000000249e-01
2.554084273238567404e-02 3.160763235029434570e-02 8.309999999999999609e-01 7.930000000000000382e-01
2.653847207296877383e-02 3.272975420545985031e-02 8.189999999999999503e-01 7.750000000000000222e-01
2.417247091595337710e-02 3.085282846938321860e-02 8.469999999999999751e-01 7.940000000000000391e-01
2.487504295704480450e-02 3.116738664332999176e-02 8.369999999999999662e-01 7.910000000000000364e-01
2.532921655167933578e-02 3.203024260695370995e-02 8.299999999999999600e-01 7.800000000000000266e-01
2.588820786748157604e-02 3.242739165054409067e-02 8.349999999999999645e-01 7.840000000000000302e-01
2.590939691566538847e-02 3.332762757817844118e-02 8.489999999999999769e-01 7.990000000000000435e-01
2.643752852163453945e-02 3.349971749958405298e-02 8.325000000000000178e-01 7.800000000000000266e-01
2.509990319299125125e-02 3.198861367986766124e-02 8.345000000000000195e-01 7.880000000000000338e-01
2.513126618939448900e-02 3.192758211898791970e-02 8.379999999999999671e-01 7.870000000000000329e-01
2.387161828913505340e-02 3.080579616503148835e-02 8.509999999999999787e-01 7.920000000000000373e-01
2.493350282736292792e-02 3.184817220081007788e-02 8.379999999999999671e-01 7.870000000000000329e-01
2.498030643496764944e-02 3.172327253329954022e-02 8.319999999999999618e-01 7.890000000000000346e-01
2.359433580230000868e-02 3.043915398891793370e-02 8.499999999999999778e-01 8.000000000000000444e-01
2.364064053391966985e-02 3.128447569129023942e-02 8.455000000000000293e-01 7.880000000000000338e-01
2.694683316346960233e-02 3.399232877567897465e-02 8.295000000000000151e-01 7.840000000000000302e-01
2.369290793503902801e-02 3.073134140067058928e-02 8.499999999999999778e-01 7.870000000000000329e-01
2.282748174567605579e-02 3.049217708679680117e-02 8.575000000000000400e-01 7.930000000000000382e-01
2.349172106038216121e-02 3.102013908545075624e-02 8.535000000000000364e-01 8.010000000000000453e-01
2.315790932100625019e-02 3.086628894944135407e-02 8.535000000000000364e-01 7.920000000000000373e-01
2.258181209952320537e-02 2.991369272039766034e-02 8.549999999999999822e-01 7.980000000000000426e-01
2.614893787523142263e-02 3.376949751712631648e-02 8.395000000000000240e-01 7.860000000000000320e-01
2.292515662893702261e-02 3.135934519755553124e-02 8.509999999999999787e-01 7.890000000000000346e-01
2.296099661720005930e-02 3.011582462722113204e-02 8.479999999999999760e-01 7.930000000000000382e-01
2.263297805617967354e-02 3.054636686840220272e-02 8.599999999999999867e-01 8.050000000000000488e-01
2.337692110470141957e-02 3.075551908756878061e-02 8.479999999999999760e-01 7.970000000000000417e-01
2.641927757158592932e-02 3.389298034845862617e-02 8.285000000000000142e-01 7.770000000000000240e-01
2.288437177510501200e-02 3.069622615408836019e-02 8.609999999999999876e-01 7.960000000000000409e-01
2.327098868070234805e-02 3.125629195648129549e-02 8.559999999999999831e-01 7.990000000000000435e-01
2.353301392386702995e-02 3.143251114907846117e-02 8.475000000000000311e-01 8.020000000000000462e-01
2.378283686466507382e-02 3.152842503050568707e-02 8.405000000000000249e-01 7.890000000000000346e-01
2.234307753811948585e-02 3.043219381614318403e-02 8.509999999999999787e-01 7.920000000000000373e-01
2.281744638296032829e-02 3.064926777852965134e-02 8.429999999999999716e-01 7.910000000000000364e-01
2.285033569768434719e-02 3.104733006820395089e-02 8.475000000000000311e-01 7.960000000000000409e-01
2.236952215516840176e-02 3.084497947445392907e-02 8.545000000000000373e-01 7.970000000000000417e-01
2.154529658011296311e-02 2.973417751073045151e-02 8.589999999999999858e-01 7.970000000000000417e-01
2.248076882237542637e-02 3.133278531968722302e-02 8.559999999999999831e-01 7.860000000000000320e-01
2.345659346711806426e-02 3.183368213912703831e-02 8.449999999999999734e-01 7.920000000000000373e-01
2.188313771611746436e-02 2.979799188930288764e-02 8.545000000000000373e-01 7.960000000000000409e-01
2.169926910704606318e-02 3.009701690779448269e-02 8.589999999999999858e-01 8.030000000000000471e-01
2.084540806370249050e-02 2.929776940038909816e-02 8.669999999999999929e-01 8.020000000000000462e-01
2.191896115498200015e-02 3.008854673083376230e-02 8.625000000000000444e-01 7.960000000000000409e-01
2.278014194846371757e-02 3.151195984289204000e-02 8.659999999999999920e-01 8.040000000000000480e-01
2.239624983094338009e-02 3.014676165654137097e-02 8.549999999999999822e-01 7.950000000000000400e-01
2.109411693541964408e-02 2.948841761036430711e-02 8.625000000000000444e-01 8.169999999999999485e-01
2.192628272856259053e-02 2.979904619526958093e-02 8.475000000000000311e-01 8.040000000000000480e-01
2.194688701874031311e-02 3.056839141524073794e-02 8.585000000000000409e-01 7.960000000000000409e-01
2.373331738210785608e-02 3.205369341231922853e-02 8.389999999999999680e-01 7.860000000000000320e-01
2.171505722247091957e-02 3.005890394994450987e-02 8.555000000000000382e-01 7.970000000000000417e-01
2.036822661291255027e-02 2.918317600090634956e-02 8.735000000000000542e-01 8.050000000000000488e-01
2.072229038435137796e-02 2.849754834476474208e-02 8.645000000000000462e-01 8.060000000000000497e-01
2.110895508820083422e-02 2.936030414050975340e-02 8.645000000000000462e-01 8.050000000000000488e-01
2.078564090479119442e-02 2.939669601313825084e-02 8.659999999999999920e-01 8.070000000000000506e-01
1.996296161814288192e-02 2.864240445995827611e-02 8.735000000000000542e-01 8.100000000000000533e-01
2.252573665291759605e-02 3.107386838492017661e-02 8.575000000000000400e-01 7.970000000000000417e-01
2.153999153059393476e-02 3.060846721455268496e-02 8.605000000000000426e-01 8.030000000000000471e-01
2.220188217620404705e-02 3.116664205298935730e-02 8.515000000000000346e-01 7.950000000000000400e-01
2.036117768560290545e-02 2.923049725363499607e-02 8.665000000000000480e-01 8.030000000000000471e-01
2.072160343579290340e-02 2.932404172304001189e-02 8.645000000000000462e-01 8.020000000000000462e-01
2.125612207112469176e-02 2.957411325270484226e-02 8.605000000000000426e-01 7.960000000000000409e-01
1.986866938630414692e-02 2.847055091215747874e-02 8.689999999999999947e-01 8.139999999999999458e-01
1.976509496306692870e-02 2.850658097145675890e-02 8.760000000000000009e-01 8.129999999999999449e-01
2.023692385518868764e-02 2.910747517904117843e-02 8.719999999999999973e-01 8.100000000000000533e-01
1.931921027011275840e-02 2.817557071555347112e-02 8.770000000000000018e-01 8.050000000000000488e-01
1.994258909720769690e-02 2.924721710149601542e-02 8.739999999999999991e-01 8.050000000000000488e-01
1.985592157442748334e-02 2.868713630314963584e-02 8.705000000000000515e-01 8.060000000000000497e-01
2.008444652514342413e-02 2.919840345717837973e-02 8.679999999999999938e-01 7.990000000000000435e-01
1.967931904971977411e-02 2.856033255174331154e-02 8.794999999999999485e-01 8.110000000000000542e-01
2.076666187111895698e-02 2.975093590538063423e-02 8.669999999999999929e-01 8.040000000000000480e-01
2.015074983438023409e-02 2.961740187523649245e-02 8.764999999999999458e-01 8.080000000000000515e-01
2.059745784230397614e-02 2.993627082134412212e-02 8.689999999999999947e-01 8.030000000000000471e-01
2.057408265475578479e-02 3.002287767607831476e-02 8.719999999999999973e-01 8.010000000000000453e-01
2.124415918033513428e-02 3.032613033837663549e-02 8.555000000000000382e-01 7.950000000000000400e-01
1.934672769736088191e-02 2.886901071114516062e-02 8.745000000000000551e-01 8.090000000000000524e-01
1.908304548926943039e-02 2.865192544883996689e-02 8.739999999999999991e-01 8.090000000000000524e-01
1.916065821459236526e-02 2.880681538800222360e-02 8.784999999999999476e-01 8.070000000000000506e-01
2.080235832757103623e-02 2.980676186476498638e-02 8.719999999999999973e-01 8.090000000000000524e-01
2.066425233671220080e-02 2.972212242653654232e-02 8.655000000000000471e-01 7.980000000000000426e-01
2.120442013467249004e-02 3.018712048582266466e-02 8.559999999999999831e-01 7.920000000000000373e-01
1.959847395863856603e-02 2.904968587923053083e-02 8.719999999999999973e-01 8.020000000000000462e-01
1.975096440718310253e-02 2.918209899792468046e-02 8.774999999999999467e-01 7.980000000000000426e-01
1.990653027677342229e-02 2.958495606495751065e-02 8.705000000000000515e-01 8.030000000000000471e-01
2.023086924579401910e-02 2.951080548432909179e-02 8.705000000000000515e-01 7.960000000000000409e-01
2.070258904733324884e-02 3.067891726408211728e-02 8.639999999999999902e-01 7.920000000000000373e-01
1.906792629417471477e-02 2.855495497670701779e-02 8.754999999999999449e-01 7.970000000000000417e-01
1.890839939977531636e-02 2.830975660162352373e-02 8.764999999999999458e-01 8.050000000000000488e-01
1.926131258772125973e-02 2.877786731472383591e-02 8.719999999999999973e-01 8.030000000000000471e-01
2.020772397407824897e-02 2.918919429310612434e-02 8.709999999999999964e-01 8.100000000000000533e-01
1.903216033032880880e-02 2.884880596925593066e-02 8.745000000000000551e-01 8.090000000000000524e-01
1.875098425871376748e-02 2.884357684921354248e-02 8.824999999999999512e-01 8.060000000000000497e-01
1.949062925854411210e-02 2.972860954209916723e-02 8.854999999999999538e-01 8.080000000000000515e-01
1.933509533304638914e-02 2.914518001508301440e-02 8.850000000000000089e-01 8.080000000000000515e-01
1.850535128571325488e-02 2.861238920976342734e-02 8.804999999999999494e-01 8.120000000000000551e-01
2.037844278178064725e-02 2.967062649228222396e-02 8.555000000000000382e-01 7.830000000000000293e-01
1.865560243558326767e-02 2.897559370741059973e-02 8.760000000000000009e-01 8.040000000000000480e-01
1.850006010151124605e-02 2.871232363201019558e-02 8.790000000000000036e-01 8.070000000000000506e-01
1.821758673088955463e-02 2.848138735423291421e-02 8.814999999999999503e-01 8.070000000000000506e-01
1.831235000968155918e-02 2.808748822047099983e-02 8.830000000000000071e-01 8.139999999999999458e-01
2.118376105956227759e-02 3.091559539993509603e-02 8.625000000000000444e-01 7.960000000000000409e-01
2.022481143360324585e-02 3.028646574725352841e-02 8.599999999999999867e-01 7.930000000000000382e-01
1.961672711475661093e-02 2.895396081419645412e-02 8.719999999999999973e-01 8.139999999999999458e-01
1.826632406172643691e-02 2.831196745436619089e-02 8.790000000000000036e-01 8.120000000000000551e-01
1.882587767392259956e-02 2.882769767524292343e-02 8.794999999999999485e-01 8.090000000000000524e-01
1.865983368533685391e-02 2.889402718176371440e-02 8.804999999999999494e-01 8.110000000000000542e-01
2.002483618036636839e-02 3.017283679725780987e-02 8.685000000000000497e-01 7.990000000000000435e-01
1.814484121351320547e-02 2.811323355178508426e-02 8.870000000000000107e-01 8.199999999999999512e-01
1.856638435331809875e-02 2.851198784437123171e-02 8.820000000000000062e-01 8.120000000000000551e-01
1.786751814524839554e-02 2.812514165576790112e-02 8.874999999999999556e-01 8.179999999999999494e-01
1.797321887255805620e-02 2.801395740518876354e-02 8.844999999999999529e-01 8.149999999999999467e-01
1.910703562674674616e-02 2.914520859266574518e-02 8.745000000000000551e-01 8.139999999999999458e-01
1.782483969262108753e-02 2.780027249797539096e-02 8.894999999999999574e-01 8.149999999999999467e-01
1.881025452005808882e-02 2.930752117189472719e-02 8.824999999999999512e-01 8.110000000000000542e-01
1.816522292915457096e-02 2.815023575350712043e-02 8.860000000000000098e-01 8.169999999999999485e-01
1.844436265635693989e-02 2.894660977452021000e-02 8.790000000000000036e-01 8.090000000000000524e-01
1.860206182073301240e-02 2.883221136944280963e-02 8.790000000000000036e-01 8.129999999999999449e-01
1.847941093024264847e-02 2.842813771124199154e-02 8.764999999999999458e-01 8.080000000000000515e-01
1.819931847856818066e-02 2.835425394281231373e-02 8.850000000000000089e-01 8.199999999999999512e-01
1.765788181465616571e-02 2.793174228830441058e-02 8.840000000000000080e-01 8.129999999999999449e-01
1.793250685226319141e-02 2.841681822235014865e-02 8.860000000000000098e-01 8.149999999999999467e-01
1.875449448612449832e-02 2.907374409269588775e-02 8.739999999999999991e-01 8.110000000000000542e-01
1.757662624647133784e-02 2.799763655443649607e-02 8.860000000000000098e-01 8.239999999999999547e-01
2.029961374453814749e-02 3.072820382308131051e-02 8.655000000000000471e-01 8.020000000000000462e-01
1.794631165912212445e-02 2.894051213414393711e-02 8.840000000000000080e-01 8.080000000000000515e-01
1.733058140992697893e-02 2.728153218134141134e-02 8.850000000000000089e-01 8.199999999999999512e-01
1.813762538790054599e-02 2.871645380723757135e-02 8.794999999999999485e-01 8.100000000000000533e-01
1.928136422117549334e-02 3.031946076389447145e-02 8.770000000000000018e-01 8.030000000000000471e-01
1.819443767139225510e-02 2.886289725078078003e-02 8.844999999999999529e-01 8.209999999999999520e-01
1.863349158819221571e-02 2.957595671320175507e-02 8.804999999999999494e-01 8.090000000000000524e-01
1.727226694323425946e-02 2.834344955706005753e-02 8.934999999999999609e-01 8.189999999999999503e-01
1.746651549558930414e-02 2.896248789494440534e-02 8.890000000000000124e-01 8.129999999999999449e-01
1.823671182702543692e-02 2.861347784599034896e-02 8.820000000000000062e-01 8.139999999999999458e-01
1.740906985367816559e-02 2.787518470526038558e-02 8.900000000000000133e-01 8.219999999999999529e-01
1.777038019507815383e-02 2.850370006812602205e-02 8.890000000000000124e-01 8.269999999999999574e-01
1.793355171392005398e-02 2.818856239734244054e-02 8.830000000000000071e-01 8.209999999999999520e-01
1.816856868296184979e-02 2.926112952917251167e-02 8.820000000000000062e-01 8.040000000000000480e-01
1.684927624602776050e-02 2.752139049596301693e-02 8.884999999999999565e-01 8.199999999999999512e-01
1.838800979644712036e-02 2.985443741816267219e-02 8.794999999999999485e-01 8.060000000000000497e-01
1.772860554591302804e-02 2.888687323086088984e-02 8.874999999999999556e-01 8.149999999999999467e-01
1.921051612366205669e-02 3.040236647385885504e-02 8.695000000000000506e-01 7.950000000000000400e-01
1.814975645831595069e-02 2.872371885433516389e-02 8.834999999999999520e-01 8.159999999999999476e-01
1.829189484960917766e-02 2.975002862997270722e-02 8.864999999999999547e-01 8.040000000000000480e-01
1.793915088569286373e-02 2.961116849857184374e-02 8.844999999999999529e-01 8.100000000000000533e-01
1.942915659744217857e-02 3.023619729184384361e-02 8.725000000000000533e-01 8.000000000000000444e-01
1.677300299488458310e-02 2.729647468184955364e-02 8.920000000000000151e-01 8.229999999999999538e-01
1.680860497855362831e-02 2.732558802630313810e-02 8.900000000000000133e-01 8.209999999999999520e-01
1.821006453792841165e-02 2.857609636874834658e-02 8.800000000000000044e-01 8.090000000000000524e-01
1.757776036938429529e-02 2.827426826047310313e-02 8.854999999999999538e-01 8.209999999999999520e-01
1.642726719322648229e-02 2.686146413644678946e-02 8.940000000000000169e-01 8.269999999999999574e-01
1.720053014739154895e-02 2.856559489261841292e-02 8.900000000000000133e-01 8.100000000000000533e-01
1.679047119312545439e-02 2.819324078822283558e-02 8.924999999999999600e-01 8.139999999999999458e-01
1.782137868682983142e-02 2.922882044640453397e-02 8.854999999999999538e-01 8.110000000000000542e-01
1.661829758108988170e-02 2.782421191035166011e-02 8.960000000000000187e-01 8.229999999999999538e-01
1.828665754924511597e-02 2.880849387119371191e-02 8.780000000000000027e-01 8.120000000000000551e-01
1.687735451945482010e-02 2.795609480829633689e-02 8.904999999999999583e-01 8.239999999999999547e-01
1.716593831231522094e-02 2.832537587665517539e-02 8.874999999999999556e-01 8.149999999999999467e-01
1.681743461123753891e-02 2.819435718827584259e-02 8.900000000000000133e-01 8.120000000000000551e-01
1.887977487972137755e-02 3.042448932036743992e-02 8.695000000000000506e-01 7.990000000000000435e-01
1.785312135464054220e-02 2.929354872919660846e-02 8.830000000000000071e-01 8.129999999999999449e-01
1.829500999195597666e-02 3.005172242705883567e-02 8.784999999999999476e-01 7.990000000000000435e-01
1.641932095293597779e-02 2.774863818714781716e-02 8.934999999999999609e-01 8.249999999999999556e-01
1.692417553123312310e-02 2.834002399065020661e-02 8.910000000000000142e-01 8.169999999999999485e-01
1.855798492595181828e-02 2.955106380937121482e-02 8.750000000000000000e-01 8.020000000000000462e-01
1.814997206906480628e-02 2.986660563670026289e-02 8.834999999999999520e-01 8.030000000000000471e-01
1.779060746325683215e-02 2.932136262154658168e-02 8.820000000000000062e-01 8.139999999999999458e-01
1.634189148716209961e-02 2.726399945027245530e-02 8.934999999999999609e-01 8.259999999999999565e-01
1.713265184699073670e-02 2.756869398665639723e-02 8.970000000000000195e-01 8.219999999999999529e-01
1.760597835763296967e-02 2.855118129466634527e-02 8.860000000000000098e-01 8.110000000000000542e-01
1.687988135035434906e-02 2.782834449292092074e-02 8.914999999999999591e-01 8.169999999999999485e-01
1.657885718688563090e-02 2.787653177357139397e-02 8.884999999999999565e-01 8.169999999999999485e-01
1.782917929723076486e-02 2.929512210695946195e-02 8.814999999999999503e-01 8.080000000000000515e-01
1.744882733432369729e-02 2.876043565200087082e-02 8.900000000000000133e-01 8.169999999999999485e-01
1.680638400386911396e-02 2.830626122482793675e-02 8.924999999999999600e-01 8.219999999999999529e-01
1.713770836899867686e-02 2.935468500214502563e-02 8.874999999999999556e-01 8.169999999999999485e-01
1.690633338920442125e-02 2.804157162214095111e-02 8.930000000000000160e-01 8.199999999999999512e-01
1.642323686664906926e-02 2.757535283802032416e-02 8.970000000000000195e-01 8.199999999999999512e-01
1.689438831602513291e-02 2.788178973104572800e-02 8.914999999999999591e-01 8.189999999999999503e-01
1.639610325410843783e-02 2.783622937828316574e-02 8.994999999999999662e-01 8.149999999999999467e-01
1.698162941505255638e-02 2.878760335242157992e-02 8.980000000000000204e-01 8.120000000000000551e-01
1.734624996496242355e-02 2.867904731433698617e-02 8.944999999999999618e-01 8.159999999999999476e-01
1.652821176047817794e-02 2.853909696761993894e-02 8.950000000000000178e-01 8.129999999999999449e-01
1.637218182602302730e-02 2.805890697036574413e-02 8.990000000000000213e-01 8.229999999999999538e-01
1.590738325292514674e-02 2.773405856657695789e-02 8.984999999999999654e-01 8.209999999999999520e-01
1.627559596084777668e-02 2.847606047540719373e-02 8.990000000000000213e-01 8.219999999999999529e-01
1.698962597938988642e-02 2.863884940210292135e-02 8.924999999999999600e-01 8.169999999999999485e-01
1.833260219431966098e-02 3.001002392079892694e-02 8.784999999999999476e-01 8.070000000000000506e-01
1.676587942169833687e-02 2.912298680007688670e-02 8.884999999999999565e-01 8.110000000000000542e-01
1.746966569898909805e-02 2.873020150423156310e-02 8.910000000000000142e-01 8.149999999999999467e-01
1.703811472933198373e-02 2.888730743396175638e-02 8.910000000000000142e-01 8.179999999999999494e-01
1.636554801934417963e-02 2.820277486544812973e-02 8.940000000000000169e-01 8.199999999999999512e-01
1.768233736814912166e-02 2.945002067406677498e-02 8.880000000000000115e-01 8.080000000000000515e-01
1.578037247504030308e-02 2.795995529273322469e-02 8.994999999999999662e-01 8.209999999999999520e-01
1.865244379006928896e-02 2.975437618358117708e-02 8.800000000000000044e-01 8.020000000000000462e-01
1.569212378794551319e-02 2.780352782268457820e-02 9.004999999999999671e-01 8.269999999999999574e-01
1.570162835884199651e-02 2.780151123312777500e-02 8.994999999999999662e-01 8.219999999999999529e-01
1.621980986560633831e-02 2.894011173532970785e-02 8.924999999999999600e-01 8.090000000000000524e-01
1.705117520299669065e-02 2.878911574940679063e-02 8.994999999999999662e-01 8.329999999999999627e-01
1.550136187813359878e-02 2.813003198955364020e-02 8.974999999999999645e-01 8.189999999999999503e-01
1.537581078082241905e-02 2.781357645035720944e-02 9.010000000000000231e-01 8.149999999999999467e-01
1.536891039407638909e-02 2.785568107151207076e-02 9.030000000000000249e-01 8.159999999999999476e-01
1.769648406411923960e-02 3.003854988319165989e-02 8.820000000000000062e-01 8.010000000000000453e-01
1.675876354191887727e-02 2.917656162792532648e-02 9.004999999999999671e-01 8.249999999999999556e-01
1.525523062591420918e-02 2.762950591885985491e-02 8.990000000000000213e-01 8.159999999999999476e-01
1.597030905210777840e-02 2.933218446122331374e-02 8.984999999999999654e-01 8.120000000000000551e-01
1.701896495646623014e-02 2.900649551631570219e-02 8.970000000000000195e-01 8.060000000000000497e-01
1.745807726068158983e-02 3.017104508123355858e-02 8.854999999999999538e-01 8.000000000000000444e-01
1.677421669622771241e-02 2.845299946776020869e-02 8.964999999999999636e-01 8.179999999999999494e-01
1.766373227550969288e-02 2.979391165838098446e-02 8.864999999999999547e-01 8.040000000000000480e-01
1.555394352028444636e-02 2.752596468123557488e-02 8.984999999999999654e-01 8.179999999999999494e-01
1.571138557404394218e-02 2.853264009026259401e-02 9.014999999999999680e-01 8.179999999999999494e-01
1.694190196710445087e-02 2.930088888083885734e-02 8.914999999999999591e-01 8.050000000000000488e-01
1.844308955012738740e-02 3.059537521055769385e-02 8.804999999999999494e-01 8.050000000000000488e-01
1.585821225934509054e-02 2.861154317974768865e-02 8.964999999999999636e-01 8.129999999999999449e-01
1.556922946517230212e-02 2.852697403772874035e-02 9.030000000000000249e-01 8.219999999999999529e-01
1.651692319823156244e-02 2.874500328710774891e-02 8.900000000000000133e-01 8.179999999999999494e-01
1.608007396298226713e-02 2.822633114257897674e-02 8.954999999999999627e-01 8.149999999999999467e-01
1.532543403570704385e-02 2.812059629197869934e-02 9.034999999999999698e-01 8.209999999999999520e-01
1.576817370486010769e-02 2.813544827668251758e-02 8.984999999999999654e-01 8.139999999999999458e-01
1.546260491414973119e-02 2.807809209017581367e-02 9.014999999999999680e-01 8.149999999999999467e-01
1.477501908144545836e-02 2.758256589557734478e-02 9.064999999999999725e-01 8.219999999999999529e-01
1.548705068488688726e-02 2.745047336685018866e-02 9.060000000000000275e-01 8.179999999999999494e-01
1.527234580854440298e-02 2.830829211744722781e-02 9.024999999999999689e-01 8.120000000000000551e-01
1.612523989205786809e-02 2.854752135271230659e-02 8.974999999999999645e-01 8.159999999999999476e-01
1.520692119895053138e-02 2.818706683474078017e-02 9.060000000000000275e-01 8.179999999999999494e-01
1.557799778689275202e-02 2.862773546557152021e-02 9.034999999999999698e-01 8.110000000000000542e-01
1.597883089929105077e-02 2.867671703106736830e-02 9.014999999999999680e-01 8.189999999999999503e-01
1.512950942948045052e-02 2.837204679577307043e-02 9.054999999999999716e-01 8.199999999999999512e-01
1.656860084827186871e-02 2.920778593228124179e-02 8.920000000000000151e-01 8.149999999999999467e-01
1.564244098880013950e-02 2.862579743228478579e-02 9.000000000000000222e-01 8.159999999999999476e-01
1.495447506550543967e-02 2.764805162001111871e-02 8.990000000000000213e-01 8.209999999999999520e-01
1.928729816437427941e-02 3.190729557390260818e-02 8.760000000000000009e-01 8.010000000000000453e-01
1.563456163723971754e-02 2.831685987358664031e-02 8.990000000000000213e-01 8.189999999999999503e-01
1.647261537145070995e-02 2.908673413491295531e-02 8.940000000000000169e-01 8.110000000000000542e-01
1.598563314694445570e-02 2.845408013190188490e-02 8.970000000000000195e-01 8.100000000000000533e-01
1.552230229041855723e-02 2.864778049596440612e-02 9.044999999999999707e-01 8.129999999999999449e-01
1.668528275555432663e-02 2.954504626746873308e-02 8.914999999999999591e-01 8.020000000000000462e-01
1.617171486151746523e-02 2.878526677186546770e-02 8.974999999999999645e-01 8.209999999999999520e-01
1.568321972819590460e-02 2.871874685595934840e-02 9.004999999999999671e-01 8.149999999999999467e-01
1.574871857611035916e-02 2.827124365523964525e-02 8.940000000000000169e-01 8.139999999999999458e-01
1.509658734824739432e-02 2.754638138721698590e-02 9.050000000000000266e-01 8.229999999999999538e-01
1.709595469363698467e-02 2.967493375820293849e-02 8.870000000000000107e-01 8.070000000000000506e-01
1.495011827697624585e-02 2.804418001927306767e-02 9.040000000000000258e-01 8.209999999999999520e-01
1.511319868462271052e-02 2.880918659507120810e-02 9.084999999999999742e-01 8.189999999999999503e-01
1.574154762624689965e-02 2.925800445834763480e-02 9.070000000000000284e-01 8.229999999999999538e-01
1.507497407822414731e-02 2.834603781621233484e-02 9.070000000000000284e-01 8.149999999999999467e-01
1.521883659851463837e-02 2.860517095171992430e-02 8.984999999999999654e-01 8.149999999999999467e-01
1.563303037602829446e-02 2.914253667487351485e-02 9.024999999999999689e-01 8.149999999999999467e-01
1.533041518071057673e-02 2.873196941906696125e-02 9.060000000000000275e-01 8.259999999999999565e-01
1.527455441633474541e-02 2.891073897913999657e-02 8.980000000000000204e-01 8.129999999999999449e-01
1.618244121853366219e-02 2.914068508843602190e-02 8.954999999999999627e-01 8.090000000000000524e-01
1.492586082849449609e-02 2.822119068516845339e-02 9.060000000000000275e-01 8.219999999999999529e-01
1.547463739689345329e-02 2.844995595941935546e-02 8.980000000000000204e-01 8.129999999999999449e-01
1.444407218576012827e-02 2.748197953383282183e-02 9.060000000000000275e-01 8.279999999999999583e-01
1.505347187989077885e-02 2.773600873775949535e-02 9.084999999999999742e-01 8.219999999999999529e-01
1.549645838890340022e-02 2.800794854524703975e-02 9.034999999999999698e-01 8.090000000000000524e-01
1.697272988533544621e-02 2.998893257892418229e-02 8.880000000000000115e-01 8.040000000000000480e-01
1.450980655299448537e-02 2.768227571221513680e-02 9.084999999999999742e-01 8.159999999999999476e-01
1.431652624333003970e-02 2.733895558828124822e-02 9.090000000000000302e-01 8.289999999999999591e-01
1.592220567381257695e-02 2.838832731595185288e-02 9.010000000000000231e-01 8.120000000000000551e-01
1.551475450968602295e-02 2.876057417493678783e-02 9.074999999999999734e-01 8.209999999999999520e-01
1.486323448371916836e-02 2.727509583285020814e-02 9.104999999999999760e-01 8.279999999999999583e-01
1.444259015071133051e-02 2.736183131423769108e-02 9.094999999999999751e-01 8.189999999999999503e-01
1.518540312368489228e-02 2.851427767892402571e-02 9.094999999999999751e-01 8.199999999999999512e-01
1.434893991022066252e-02 2.754705539205197160e-02 9.090000000000000302e-01 8.219999999999999529e-01
1.449906112954262201e-02 2.767166035142852934e-02 9.090000000000000302e-01 8.249999999999999556e-01
1.506116838452543037e-02 2.805349539760387811e-02 9.040000000000000258e-01 8.259999999999999565e-01
1.496084085638771377e-02 2.815358135132834186e-02 9.034999999999999698e-01 8.139999999999999458e-01
1.495774544583960280e-02 2.786003992708866589e-02 9.040000000000000258e-01 8.179999999999999494e-01
1.727409111630170621e-02 3.022881063254616307e-02 8.884999999999999565e-01 8.110000000000000542e-01
1.616423672984166823e-02 2.979543324484776670e-02 8.980000000000000204e-01 8.139999999999999458e-01
1.460488775201379714e-02 2.779602433143908355e-02 9.044999999999999707e-01 8.189999999999999503e-01
1.474957026439473705e-02 2.812365609173354125e-02 9.070000000000000284e-01 8.269999999999999574e-01
1.461032799485194496e-02 2.762930447634464118e-02 9.114999999999999769e-01 8.279999999999999583e-01
1.455160832094905439e-02 2.783535900114545228e-02 9.130000000000000338e-01 8.179999999999999494e-01
1.422271418442449566e-02 2.788081453520651481e-02 9.110000000000000320e-01 8.179999999999999494e-01
1.405587620351374765e-02 2.747925625761818771e-02 9.080000000000000293e-01 8.239999999999999547e-01
1.563882164208413306e-02 2.864399296668484682e-02 9.040000000000000258e-01 8.110000000000000542e-01
1.561713284102266008e-02 2.883069195052162872e-02 9.050000000000000266e-01 8.100000000000000533e-01
1.458627252660795945e-02 2.779749188802101839e-02 9.040000000000000258e-01 8.299999999999999600e-01
1.608184334003556065e-02 2.899825102604272620e-02 8.980000000000000204e-01 8.199999999999999512e-01
1.372335796096747426e-02 2.732702429904089805e-02 9.154999999999999805e-01 8.229999999999999538e-01
1.480824609052195338e-02 2.844912403154348235e-02 9.104999999999999760e-01 8.169999999999999485e-01
1.499706350616500025e-02 2.869312776918745214e-02 9.084999999999999742e-01 8.189999999999999503e-01
1.357370798567305963e-02 2.750281557166014620e-02 9.140000000000000346e-01 8.239999999999999547e-01
1.403315703192351688e-02 2.739192348326727547e-02 9.044999999999999707e-01 8.149999999999999467e-01
1.468644893673566598e-02 2.881089372835488049e-02 9.130000000000000338e-01 8.219999999999999529e-01
1.449972032627935663e-02 2.891695084981460093e-02 9.094999999999999751e-01 8.199999999999999512e-01
1.397346101316809461e-02 2.812559769326191533e-02 9.070000000000000284e-01 8.199999999999999512e-01
1.381287736316575039e-02 2.769193951031692288e-02 9.120000000000000329e-01 8.229999999999999538e-01
1.441092971918641642e-02 2.832231375287306077e-02 9.124999999999999778e-01 8.189999999999999503e-01
1.459035924139952776e-02 2.818204330847100952e-02 9.030000000000000249e-01 8.169999999999999485e-01
1.420593153008116276e-02 2.795335749097596287e-02 9.074999999999999734e-01 8.199999999999999512e-01
1.496163205103220005e-02 2.869197162101387935e-02 9.024999999999999689e-01 8.179999999999999494e-01
1.379993605351852171e-02 2.749074564488460104e-02 9.114999999999999769e-01 8.209999999999999520e-01
1.397878467737889360e-02 2.789050074833702292e-02 9.140000000000000346e-01 8.199999999999999512e-01
1.425134858528444466e-02 2.816920213628344022e-02 9.084999999999999742e-01 8.149999999999999467e-01
1.380247072008890241e-02 2.791747916389503495e-02 9.114999999999999769e-01 8.179999999999999494e-01
1.602657064214885185e-02 2.979094682894408916e-02 8.940000000000000169e-01 8.110000000000000542e-01
1.377619253916870928e-02 2.710300941499413016e-02 9.124999999999999778e-01 8.199999999999999512e-01
1.526977681020993093e-02 2.876693593089128115e-02 9.034999999999999698e-01 8.139999999999999458e-01
1.479867642603574680e-02 2.820140562854142954e-02 9.044999999999999707e-01 8.239999999999999547e-01
1.439861474449325926e-02 2.854376019405846857e-02 9.024999999999999689e-01 8.179999999999999494e-01
1.384142370635053909e-02 2.777982741912920356e-02 9.110000000000000320e-01 8.259999999999999565e-01
1.419570200097116340e-02 2.843590168959828079e-02 9.100000000000000311e-01 8.199999999999999512e-01
1.407212224782322836e-02 2.768919472759212227e-02 9.180000000000000382e-01 8.309999999999999609e-01
1.376779876515043383e-02 2.819799470683414730e-02 9.100000000000000311e-01 8.239999999999999547e-01
1.638575190930144018e-02 2.990114080839467031e-02 8.860000000000000098e-01 7.970000000000000417e-01
1.351009609835482524e-02 2.722423243166672419e-02 9.150000000000000355e-01 8.269999999999999574e-01
1.462822969321178092e-02 2.839019581570620399e-02 9.024999999999999689e-01 8.169999999999999485e-01
1.479143993903637988e-02 2.844548285336726337e-02 9.064999999999999725e-01 8.110000000000000542e-01
1.348542751807356443e-02 2.761441357719480669e-02 9.170000000000000373e-01 8.179999999999999494e-01
1.407879085995063229e-02 2.774859246157931197e-02 9.084999999999999742e-01 8.149999999999999467e-01
1.394910799650608824e-02 2.845324627372315326e-02 9.050000000000000266e-01 8.179999999999999494e-01
1.373921502381888690e-02 2.860876077929981956e-02 9.174999999999999822e-01 8.159999999999999476e-01
1.347557504535402788e-02 2.777004644807420930e-02 9.174999999999999822e-01 8.209999999999999520e-01
1.368471633613040084e-02 2.799528779496584033e-02 9.114999999999999769e-01 8.120000000000000551e-01
1.337077138830275631e-02 2.805129861209585546e-02 9.160000000000000364e-01 8.249999999999999556e-01
1.365428154098053716e-02 2.785371936757197880e-02 9.104999999999999760e-01 8.159999999999999476e-01
1.633869210852338313e-02 3.064294792534346529e-02 8.960000000000000187e-01 8.000000000000000444e-01
1.375004594505672625e-02 2.821099294509987060e-02 9.164999999999999813e-01 8.169999999999999485e-01
1.433982987504541298e-02 2.861656505635745695e-02 9.054999999999999716e-01 8.199999999999999512e-01
1.499310713193030380e-02 2.927744540561218536e-02 9.010000000000000231e-01 8.110000000000000542e-01
1.408376935401580571e-02 2.785837335834129291e-02 9.170000000000000373e-01 8.249999999999999556e-01
1.376662012628741480e-02 2.792576773216872560e-02 9.174999999999999822e-01 8.139999999999999458e-01
1.379371379163243060e-02 2.834986040323799611e-02 9.070000000000000284e-01 8.110000000000000542e-01
1.638578471639749734e-02 3.014542896501032007e-02 8.874999999999999556e-01 8.020000000000000462e-01
1.524531500288214825e-02 2.972039439275411116e-02 9.090000000000000302e-01 8.120000000000000551e-01
1.303678352951695256e-02 2.737910523670862573e-02 9.124999999999999778e-01 8.299999999999999600e-01
1.536688543880581140e-02 2.900758341320118852e-02 8.994999999999999662e-01 8.060000000000000497e-01
1.367629452939843511e-02 2.820285072356921302e-02 9.130000000000000338e-01 8.269999999999999574e-01
1.378862199335692366e-02 2.859751037304563565e-02 9.200000000000000400e-01 8.269999999999999574e-01
1.439387516107750939e-02 2.772253868116638514e-02 9.110000000000000320e-01 8.189999999999999503e-01
1.430558851167190899e-02 2.811044724493764330e-02 9.060000000000000275e-01 8.219999999999999529e-01
1.356458978939809566e-02 2.785075437338523432e-02 9.080000000000000293e-01 8.239999999999999547e-01
1.394619604013814726e-02 2.828092949290415131e-02 9.080000000000000293e-01 8.239999999999999547e-01
1.270147177969318739e-02 2.709574062568649924e-02 9.214999999999999858e-01 8.229999999999999538e-01
1.393315921405630618e-02 2.816738111289819949e-02 9.094999999999999751e-01 8.189999999999999503e-01
1.390313579325445567e-02 2.830620519267304167e-02 9.100000000000000311e-01 8.139999999999999458e-01
1.592060119885529978e-02 2.916653900779187306e-02 9.004999999999999671e-01 8.139999999999999458e-01
1.448215738278554182e-02 2.899931104412700744e-02 9.124999999999999778e-01 8.219999999999999529e-01
1.342417359864574514e-02 2.777088967020601568e-02 9.210000000000000409e-01 8.319999999999999618e-01
1.487015737920731676e-02 2.858318575676588660e-02 9.050000000000000266e-01 8.189999999999999503e-01
1.392796344856537909e-02 2.729738899211449701e-02 9.090000000000000302e-01 8.209999999999999520e-01
1.341605474401324355e-02 2.736763096312208599e-02 9.184999999999999831e-01 8.359999999999999654e-01
1.285916911486404551e-02 2.678646279115187018e-02 9.194999999999999840e-01 8.369999999999999662e-01
1.428932788485891281e-02 2.865072723432795024e-02 9.030000000000000249e-01 8.169999999999999485e-01
1.499526486292755353e-02 2.868695346355428291e-02 9.084999999999999742e-01 8.229999999999999538e-01
1.331213231344134662e-02 2.804465948650978341e-02 9.160000000000000364e-01 8.239999999999999547e-01
1.416633637519105343e-02 2.829394131343920121e-02 9.120000000000000329e-01 8.259999999999999565e-01
1.281311799278629475e-02 2.713300425651504061e-02 9.170000000000000373e-01 8.229999999999999538e-01
1.355734895123709462e-02 2.839931951450656161e-02 9.124999999999999778e-01 8.239999999999999547e-01
1.327812310126600184e-02 2.756044764597799165e-02 9.144999999999999796e-01 8.259999999999999565e-01
