8.955660921527351659e-02 9.073007269402814934e-02 2.305000000000000104e-01 1.960000000000000075e-01
8.628303780889168273e-02 8.797017722589058064e-02 2.712999999999999856e-01 2.489999999999999991e-01
8.336207216619104243e-02 8.544443550841492041e-02 3.064999999999999947e-01 2.800000000000000266e-01
8.129038298089329151e-02 8.350445352372878882e-02 3.376000000000000112e-01 3.009999999999999898e-01
7.971864267814317284e-02 8.187352199661311614e-02 3.562000000000000166e-01 3.430000000000000271e-01
7.815603285759833985e-02 8.112111984737446768e-02 3.780000000000000027e-01 3.469999999999999751e-01
7.713205361991033737e-02 8.020270525029761510e-02 3.901999999999999913e-01 3.469999999999999751e-01
7.632170413565692035e-02 8.014687086528277105e-02 3.916000000000000036e-01 3.430000000000000271e-01
7.466767315256925275e-02 7.891217617571272269e-02 4.097999999999999976e-01 3.609999999999999876e-01
7.404856576810751878e-02 7.840810765767322610e-02 4.148000000000000020e-01 3.639999999999999902e-01
