8.980367045649942370e-02 9.106362076702614883e-02 2.031999999999999917e-01 1.910000000000000031e-01
8.799741163479185557e-02 8.959171469894487705e-02 2.434000000000000052e-01 2.139999999999999958e-01
8.588520637510153877e-02 8.784191271908754761e-02 2.866000000000000214e-01 2.530000000000000027e-01
8.405845119319663161e-02 8.608083691164229723e-02 3.111999999999999766e-01 2.790000000000000258e-01
8.244202801050408425e-02 8.449799344164102277e-02 3.287999999999999812e-01 3.069999999999999951e-01
8.125250740642803171e-02 8.343777001540829408e-02 3.357999999999999874e-01 2.979999999999999871e-01
7.942222665443310348e-02 8.262888069961592252e-02 3.588000000000000078e-01 3.250000000000000111e-01
7.901623645413659303e-02 8.261483742978131817e-02 3.635999999999999788e-01 3.099999999999999978e-01
7.788687247510811540e-02 8.226354440509599242e-02 3.761999999999999789e-01 3.270000000000000129e-01
7.605753681557191059e-02 8.112795015268992049e-02 4.060000000000000275e-01 3.519999999999999796e-01
