9.134383455828565257e-02 9.207725490826540460e-02 1.295000000000000040e-01 1.260000000000000009e-01
8.969746768988808017e-02 9.061042507365407728e-02 1.504999999999999949e-01 1.390000000000000124e-01
9.157708375494792719e-02 9.236589081208171348e-02 2.134999999999999953e-01 1.869999999999999996e-01
8.804808266897616587e-02 8.919909117962163125e-02 2.235000000000000042e-01 2.000000000000000111e-01
8.755285207701206385e-02 8.900336914426114354e-02 2.510000000000000009e-01 2.220000000000000029e-01
8.578823256687019561e-02 8.778844096650960382e-02 2.675000000000000155e-01 2.129999999999999949e-01
8.638637595489317977e-02 8.840323099674368690e-02 2.525000000000000022e-01 2.129999999999999949e-01
8.512537624465356390e-02 8.731208734910267388e-02 2.675000000000000155e-01 2.320000000000000118e-01
8.623442282047621976e-02 8.894791205448059068e-02 2.510000000000000009e-01 2.119999999999999940e-01
8.689812427709668607e-02 8.951812995597824285e-02 2.545000000000000040e-01 2.240000000000000047e-01
