8.234077718998446260e-02 8.406565132872168000e-02 3.265199999999999769e-01 3.059999999999999942e-01
7.845462805197531142e-02 8.022904982358677883e-02 3.668199999999999794e-01 3.489999999999999769e-01
7.521513283764401370e-02 7.744324787698007861e-02 4.080599999999999783e-01 3.629999999999999893e-01
7.394121597688309289e-02 7.674885604556429264e-02 4.263399999999999967e-01 3.840000000000000080e-01
7.241482716777054851e-02 7.535086958306479177e-02 4.368400000000000061e-01 4.040000000000000258e-01
7.175966357857323230e-02 7.487709866187640395e-02 4.464199999999999835e-01 3.970000000000000195e-01
7.074438532485424758e-02 7.448242271470581488e-02 4.540799999999999836e-01 4.010000000000000231e-01
7.029174731348095118e-02 7.371811222114063589e-02 4.606999999999999984e-01 4.149999999999999800e-01
6.973615962785614797e-02 7.332770232509461250e-02 4.630799999999999916e-01 4.279999999999999916e-01
6.872623692726352596e-02 7.279197826769398527e-02 4.744200000000000084e-01 4.309999999999999942e-01
