3.580000002682208748e-01
3.962999981641769365e-01
4.453999948501586870e-01
4.586999976634979492e-01
4.669999966025352722e-01
4.872999969124793829e-01
4.824999976158141912e-01
4.894999969005584539e-01
4.860999968647956582e-01
5.125999966263771190e-01
5.207999992370605513e-01
5.143999963998794334e-01
5.239999955892562511e-01
5.308999952673911782e-01
5.367999994754790727e-01
5.252999952435493114e-01
5.313999968767165738e-01
5.475999975204467463e-01
5.373999959230423284e-01
5.561999964714050559e-01
5.580999994277954235e-01
5.536999961733818365e-01
5.624999955296516863e-01
5.619999998807907460e-01
5.682999980449676691e-01
5.566999968886375827e-01
5.751999977231025962e-01
5.674999958276748524e-01
5.678999975323677507e-01
5.696000000834464672e-01
5.770999962091445390e-01
5.801999983191490351e-01
5.797999972105025712e-01
5.735999992489815291e-01
5.795999976992607383e-01
5.817999991774559509e-01
5.859999984502792802e-01
5.865999999642371732e-01
5.900999978184700012e-01
5.993000018596649214e-01
5.959999996423721580e-01
5.972000008821487516e-01
5.895999965071677673e-01
6.003999969363212896e-01
6.012999969720840276e-01
5.958999970555305392e-01
6.033000004291534379e-01
6.029999992251395824e-01
5.866999959945679022e-01
6.027999973297119007e-01
6.001999986171722146e-01
5.959999972581863092e-01
6.023999994993209928e-01
6.062999993562698808e-01
6.085000008344649824e-01
6.116999986767769348e-01
6.045999968051910534e-01
6.015000024437904269e-01
6.037999963760376509e-01
6.090000009536743475e-01
6.173000007867812666e-01
6.102999961376189830e-01
6.138999968767165916e-01
6.138000014424324080e-01
6.169000005722046209e-01
6.204999971389770774e-01
6.175000005960464833e-01
6.179000002145766945e-01
6.202999967336654263e-01
6.263000023365020708e-01
6.257999986410140991e-01
6.206999981403350519e-01
6.248000013828277632e-01
6.253000026941299971e-01
6.155999973416328430e-01
6.209999978542327659e-01
6.233000004291534557e-01
6.229999977350234586e-01
6.268000012636184559e-01
6.303999990224837813e-01
6.212999975681304798e-01
6.307999980449676691e-01
6.298000007867813332e-01
6.280000001192093118e-01
6.334000003337859619e-01
6.277999997138976607e-01
6.310000020265579268e-01
6.334999960660934182e-01
6.195999985933303700e-01
6.341000002622604326e-01
6.235000011324882685e-01
6.391999983787536310e-01
6.429000014066695856e-01
6.366000026464462280e-01
6.333000016212463334e-01
6.233999985456466497e-01
6.390000003576278287e-01
6.306999969482421919e-01
6.342000001668930409e-01
6.377000004053116067e-01
6.283999967575073509e-01
6.357000023126602173e-01
6.423000013828277233e-01
6.415000021457671897e-01
6.380999988317489491e-01
6.367000001668929876e-01
6.380000030994414928e-01
6.456999987363815086e-01
6.413000023365020841e-01
6.342999988794326693e-01
6.442999988794326782e-01
6.441000020503997447e-01
6.505000019073485795e-01
6.381999975442886885e-01
6.516000026464462414e-01
6.469999986886978416e-01
6.476000005006790072e-01
6.506000030040740567e-01
6.422000008821487915e-01
6.431999999284744307e-01
6.497000002861023082e-01
6.450000017881393211e-01
6.498000007867813510e-01
6.471000015735626221e-01
6.466000032424926713e-01
6.454000025987625122e-01
6.474000018835067705e-01
6.460000014305115057e-01
6.448999994993209750e-01
6.449000000953674094e-01
6.432999986410140592e-01
6.463000011444092197e-01
6.443999993801117210e-01
6.536000031232833685e-01
6.555000025033951294e-01
6.498000007867813510e-01
6.591000020503997581e-01
6.442999958992003950e-01
6.497000002861023082e-01
6.538999998569487992e-01
6.511999994516373125e-01
6.551000005006790694e-01
6.449999988079071489e-01
6.531000012159347001e-01
6.557000005245208207e-01
6.511999994516373125e-01
6.505000001192092762e-01
6.653000009059906183e-01
6.593000012636184293e-01
6.547000002861023127e-01
6.572000020742416737e-01
6.546000027656555531e-01
6.558999997377396030e-01
6.621999996900558294e-01
6.567000007629394398e-01
6.570000028610230025e-01
6.533000028133392201e-01
6.623000001907348722e-01
6.583000004291534868e-01
6.600000011920928999e-01
6.616000008583068359e-01
6.624000024795532182e-01
6.579000014066695989e-01
6.540000039339065596e-01
6.666000014543533858e-01
6.556000012159347579e-01
6.571000033617019342e-01
6.634000009298324230e-01
6.608999997377396074e-01
6.603000020980834828e-01
6.613000035285949707e-01
6.701000022888183860e-01
6.595000010728836459e-01
6.616000008583068359e-01
6.592000007629394975e-01
6.595000016689300804e-01
6.641000014543533281e-01
6.629000020027160378e-01
6.661000031232834351e-01
6.648999994993209928e-01
6.730000019073486550e-01
6.705999994277953569e-01
6.652000027894974243e-01
6.679000025987624767e-01
6.687000054121017278e-01
6.456000018119811834e-01
6.713000041246414140e-01
6.648000025749206676e-01
6.660000014305115235e-01
6.546000003814697044e-01
6.652000051736831621e-01
6.730000013113022206e-01
6.703000020980834917e-01
6.700000000000000400e-01
6.549000018835067216e-01
6.612000012397766247e-01
6.605000019073485884e-01
6.660000032186508268e-01
6.660000020265579579e-01
6.567000013589858742e-01
6.656000012159347667e-01
6.659000033140182184e-01
6.640000027418136996e-01
6.651000010967255127e-01
6.744000035524367886e-01
6.721000039577483820e-01
6.660000026226043923e-01
6.731000030040741322e-01
6.738000035285949263e-01
6.694000011682510465e-01
6.681000018119811479e-01
6.719000005722045588e-01
6.770000016689300404e-01
6.710000026226043968e-01
6.694000017642974809e-01
6.722000014781951416e-01
6.669000017642975342e-01
6.715000033378600852e-01
6.750000041723250854e-01
6.672000008821487027e-01
6.681000000238418446e-01
6.728999978303908946e-01
6.753000003099441928e-01
6.742000019550323797e-01
6.765000021457672208e-01
6.738000029325484919e-01
6.726999998092650923e-01
6.649000012874602961e-01
6.757000052928924250e-01
6.721000027656555131e-01
6.720000022649764704e-01
6.700000029802322121e-01
6.696000009775161521e-01
6.694000005722046120e-01
6.687999999523163153e-01
6.753999996185302557e-01
6.733000022172928034e-01
6.755000013113021673e-01
6.722000014781951416e-01
6.700000017881393433e-01
6.785000008344650446e-01
6.781000030040741366e-01
6.845000034570694059e-01
6.710000032186508312e-01
6.718999999761581243e-01
6.640000027418136996e-01
6.750000017881393477e-01
6.732000017166137606e-01
6.640000015497207198e-01
6.712999999523162620e-01
6.757999992370605780e-01
6.785000002384186102e-01
6.709999996423721136e-01
6.663000017404556719e-01
6.765000015497207864e-01
6.785999995470046731e-01
6.753000020980834961e-01
6.817000007629394620e-01
6.691000020503997670e-01
6.754000025987625389e-01
6.770000010728836060e-01
6.727000045776366788e-01
6.761000031232833329e-01
6.746000021696090254e-01
6.715000021457672164e-01
6.793000018596648815e-01
6.776999980211257935e-01
6.817000031471251997e-01
6.760999983549118575e-01
6.813000017404555742e-01
6.655000013113021584e-01
6.745999985933304188e-01
6.734999996423721713e-01
6.834000033140182895e-01
6.780000013113022250e-01
6.775000029802322743e-01
6.742000037431716830e-01
6.774000036716461004e-01
6.781000012159347223e-01
6.757999998331070124e-01
6.774000048637389693e-01
6.826000034809112105e-01
6.678000020980835449e-01
6.794000017642974898e-01
6.737999987602233398e-01
6.835000020265579179e-01
6.814000040292740312e-01
6.768000024557113692e-01
6.806000000238419112e-01
6.815000009536743564e-01
6.807999992370605824e-01
6.674000018835067882e-01
6.786000013351440874e-01
6.769999992847443027e-01
6.838000023365020663e-01
6.866999983787536177e-01
6.783999991416931330e-01
6.740999996662140337e-01
6.831000006198882923e-01
6.786000001430511075e-01
6.800000023841857866e-01
6.836000007390975464e-01
6.817000019550323309e-01
6.864000022411346214e-01
6.850000035762786599e-01
6.799000018835067438e-01
6.818000006675720703e-01
6.846000021696090343e-01
6.834999996423721802e-01
6.927000004053115445e-01
6.783000004291533935e-01
6.807000011205672774e-01
6.828000015020370128e-01
6.853999990224838301e-01
6.832000011205673351e-01
6.739000004529952514e-01
6.766000014543532837e-01
6.807000035047531261e-01
6.833000004291533980e-01
6.836000043153762640e-01
6.845000022649765370e-01
6.687000000476837069e-01
6.800000029802322210e-01
6.751000016927719560e-01
6.798000007867812666e-01
6.802999979257583485e-01
6.831000018119811612e-01
6.822999984025954756e-01
6.827000015974045155e-01
6.853000003099442017e-01
6.808000040054321689e-01
6.893000018596648903e-01
6.855000036954880249e-01
6.820000034570693481e-01
6.859000009298324985e-01
6.830000013113022295e-01
6.844000023603439287e-01
6.711000049114227428e-01
6.781000018119811568e-01
6.871999973058700029e-01
6.865000021457672297e-01
6.869000011682510065e-01
6.799000006914138750e-01
6.866999983787536177e-01
6.829000025987624900e-01
6.865000003576278154e-01
6.819000017642974365e-01
6.775000011920928600e-01
6.769000005722045632e-01
6.898000007867812755e-01
6.842000007629394087e-01
6.870000010728836148e-01
6.884000015258788796e-01
6.882999986410140991e-01
6.933000004291534069e-01
6.869000005722045721e-01
6.873000001907348944e-01
6.911000019311904774e-01
6.850000011920929222e-01
6.880000042915344061e-01
6.824000042676925393e-01
6.914999985694885165e-01
6.913000017404555830e-01
6.883000022172928167e-01
6.909000021219253718e-01
6.906999969482421342e-01
6.892000025510788275e-01
6.832999998331069635e-01
6.922000008821487249e-01
6.813000029325485540e-01
6.878999996185303223e-01
6.875000011920928689e-01
6.804000014066695634e-01
6.904000049829482899e-01
6.849000024795531827e-01
6.928000003099441528e-01
6.911000037193297807e-01
6.868000024557113781e-01
6.817000019550323309e-01
6.794000041484832275e-01
6.833000010251999434e-01
6.941000038385390924e-01
6.866000014543532926e-01
6.856999981403351097e-01
6.893999999761581954e-01
6.938999998569488348e-01
6.853000038862228083e-01
6.891999995708465443e-01
6.830000030994415328e-01
6.851000022888183993e-01
6.891000026464462191e-01
6.873000007867813288e-01
6.847000014781952082e-01
6.856999993324279785e-01
6.913000041246414318e-01
6.897000032663345159e-01
6.904000037908554210e-01
6.844000011682510598e-01
6.869000017642974409e-01
6.921000009775162276e-01
6.948000007867812799e-01
6.952000033855437744e-01
6.907000035047531350e-01
6.913000011444091486e-01
6.893000030517577592e-01
6.922000020742415938e-01
6.892999988794327182e-01
6.903000003099442061e-01
6.916000032424927113e-01
6.881000000238418624e-01
6.821999984979629783e-01
6.818000000715255249e-01
6.859000021219253673e-01
6.941000038385390924e-01
6.917000031471252086e-01
6.828000032901764271e-01
6.961000037193297851e-01
6.813000023365021196e-01
6.816999983787536133e-01
6.890000033378601563e-01
6.892000007629394132e-01
6.915000021457672341e-01
6.877000027894973888e-01
6.893000054359436080e-01
6.851000028848648338e-01
6.840000057220458896e-01
6.924000012874603760e-01
6.925000029802322876e-01
6.873000019788741977e-01
6.895000022649765414e-01
6.925999999046326128e-01
6.904000002145767034e-01
6.909000039100646751e-01
6.932000005245209096e-01
6.943000018596648948e-01
6.950999993085861250e-01
6.804000008106231290e-01
6.785000014305114791e-01
6.841000032424926491e-01
6.879000037908553633e-01
6.772999995946884511e-01
6.918000030517578169e-01
6.818000036478042425e-01
6.820000034570693481e-01
6.935000026226043612e-01
6.920000010728836193e-01
6.835000020265579179e-01
6.833000016212463779e-01
6.885000020265579224e-01
6.936000013351439897e-01
6.826000005006790383e-01
6.895999991893768666e-01
6.849000042676925970e-01
6.873000073432922186e-01
6.911000031232833463e-01
6.939000022411346835e-01
6.896000039577484531e-01
6.852000010013580278e-01
6.863000041246414273e-01
6.864000004529953181e-01
6.857000005245208474e-01
6.864999991655349465e-01
6.805000019073486062e-01
6.918000012636185136e-01
6.851999986171722901e-01
6.896000003814697354e-01
6.971000009775161210e-01
6.849000006914138794e-01
6.919999998807907504e-01
6.827000057697296675e-01
6.872000008821487205e-01
6.906000006198883545e-01
6.931000012159347357e-01
6.921000009775162276e-01
6.881000024080276001e-01
6.919999980926513361e-01
6.785000014305114791e-01
6.824000042676925393e-01
6.934000033140182984e-01
6.759000051021576416e-01
6.867000019550323353e-01
6.864999985694885121e-01
6.845000004768371227e-01
6.964000076055526511e-01
6.894000041484832364e-01
6.958999985456466586e-01
6.871000003814696777e-01
6.722999984025954667e-01
6.836000001430511119e-01
6.977000021934509633e-01
6.880999994277954279e-01
6.915000051259994063e-01
6.851000016927719649e-01
6.959000015258789418e-01
6.926000010967254816e-01
6.899000030755996216e-01
6.942000013589858520e-01
6.903000050783156816e-01
6.863999992609024492e-01
6.914000022411346258e-01
6.853000009059906361e-01
6.914999985694885165e-01
6.932000035047530817e-01
6.989000004529952736e-01
6.876000034809112149e-01
6.967000007629394753e-01
6.905000019073486150e-01
6.947000050544738237e-01
6.880000036954879716e-01
6.849000012874603138e-01
6.898000007867812755e-01
6.902000033855437700e-01
6.926000022888183505e-01
6.886000007390975508e-01
6.947000020742416515e-01
6.836000001430511119e-01
6.903000032901763783e-01
6.822999984025954756e-01
6.765000021457672208e-01
6.976000010967254861e-01
6.943000000715255915e-01
6.969000029563904297e-01
6.889000010490416992e-01
7.005000036954879272e-01
6.828000015020370128e-01
6.945000046491622836e-01
6.846999990940093594e-01
6.935000014305114924e-01
6.949000018835067571e-01
6.899000024795531871e-01
6.916000008583068626e-01
6.828000003099441440e-01
6.972000038623810125e-01
6.941000020503997892e-01
6.893000036478043047e-01
6.955000001192093162e-01
6.961000037193297851e-01
6.878999978303909080e-01
6.844000017642974942e-01
6.918000018596649481e-01
6.911000001430511741e-01
6.962000018358230902e-01
6.974000018835068149e-01
6.860000038146972789e-01
6.966000014543533014e-01
6.811000055074691861e-01
6.907000023126602661e-01
6.890000015497207420e-01
6.965000009536743697e-01
6.912999999523162797e-01
6.931000024080276045e-01
6.876000010967254772e-01
6.856000036001205222e-01
6.891999983787536754e-01
6.956000006198883590e-01
6.995000016689300049e-01
6.866000026464462724e-01
6.826000016927719072e-01
6.925000017881393077e-01
6.964000028371810647e-01
6.952000004053116022e-01
6.964000052213669134e-01
6.885000044107436601e-01
6.827000027894973844e-01
6.856999993324279785e-01
6.958000028133392023e-01
6.899000012874603183e-01
6.952000033855437744e-01
6.934000015258788840e-01
6.956000012159347934e-01
6.909000003337859575e-01
6.748000001907348278e-01
6.991000026464462280e-01
6.924000036716461137e-01
6.911000025272369118e-01
6.923000025749206365e-01
6.946000003814697399e-01
6.833000016212463779e-01
6.846000009775161654e-01
6.953000009059906450e-01
6.831000012159347268e-01
6.935000038146972301e-01
6.913000041246414318e-01
6.900999999046325550e-01
6.912000018358230857e-01
6.993000012636184648e-01
6.948000019788742598e-01
6.969000029563904297e-01
6.958000040054321822e-01
6.888999998569488303e-01
6.854999995231628729e-01
6.892000013589858476e-01
6.971000039577484042e-01
6.969000005722045810e-01
6.796000015735625954e-01
6.983000028133392600e-01
7.037000012397766069e-01
6.954000002145767079e-01
6.893000012636184559e-01
6.875000029802322832e-01
6.953000015020370794e-01
6.955000036954879228e-01
6.938000023365020752e-01
6.869000017642974409e-01
7.033000010251998502e-01
6.988000035285949485e-01
6.874000018835068060e-01
6.998999994993210239e-01
6.908999979496002197e-01
6.982000005245209140e-01
6.890000003576278731e-01
6.857999998331070213e-01
6.987000024318694713e-01
6.949000054597854747e-01
6.916000032424927113e-01
6.867000025510787697e-01
6.938000017404556408e-01
6.923000001907348988e-01
6.889000022411346791e-01
6.927000027894973933e-01
6.939000010490417036e-01
6.937999999523163375e-01
6.983000028133392600e-01
6.912000048160552579e-01
6.821000003814696733e-01
6.917000013589859053e-01
6.990000009536743164e-01
6.915999990701675593e-01
6.933000010251998413e-01
6.955000048875809027e-01
6.992000025510788364e-01
6.947000008821487826e-01
6.975000023841857466e-01
7.005000054836273415e-01
6.912999993562698453e-01
6.941000026464462236e-01
6.922000020742415938e-01
6.993000018596648992e-01
6.929000020027160645e-01
6.900000011920929266e-01
6.968999993801117121e-01
6.917000049352646229e-01
7.017000025510787831e-01
6.990000009536743164e-01
6.838000017404556319e-01
6.933999991416931463e-01
6.903000032901763783e-01
6.886000013351440963e-01
6.952000004053116022e-01
7.030000042915344194e-01
6.936999964714050115e-01
6.959999996423721358e-01
7.027000010013579878e-01
6.928999996185303267e-01
6.832000035047530728e-01
6.956000053882598344e-01
6.907000011205672863e-01
6.833000051975249844e-01
6.828000009059905784e-01
6.967000055313110618e-01
6.967000025510787786e-01
6.905000042915344638e-01
6.910000020265578691e-01
6.895000028610229759e-01
6.881000024080276001e-01
6.886000043153762684e-01
6.974000012874603804e-01
6.872999989986419145e-01
6.757000052928924250e-01
6.885000026226043568e-01
6.832000011205673351e-01
6.894999998807906927e-01
6.949000024795531916e-01
6.918000006675719682e-01
7.000000035762786732e-01
7.044000011682510776e-01
6.859000033140182362e-01
6.944000029563903720e-01
6.888000035285949396e-01
6.997000020742416559e-01
6.919000005722045765e-01
6.906000000238418091e-01
6.897000002861023438e-01
6.924000030755996793e-01
6.867000007629394664e-01
6.910999995470047397e-01
6.851000016927719649e-01
6.984000021219253229e-01
6.943000018596648948e-01
6.973000025749206410e-01
6.916000008583068626e-01
6.953000020980835139e-01
6.902000004053115978e-01
6.989999997615814475e-01
6.910000008344650002e-01
6.969000017642974498e-01
6.976000034809112238e-01
6.939000016450882491e-01
6.995000034570694192e-01
6.998000031709671331e-01
6.959000027179718106e-01
6.939000010490417036e-01
6.875999993085861739e-01
6.983000028133392600e-01
7.009000003337859663e-01
6.927000010013579789e-01
7.003000015020370839e-01
6.883000028133392512e-01
6.971000039577484042e-01
6.882000046968460572e-01
6.975000029802322921e-01
7.008000051975250555e-01
6.972000032663345781e-01
6.960000008344650047e-01
6.896999996900557983e-01
6.863000023365021240e-01
6.883000022172928167e-01
6.843000042438507347e-01
6.971000033617019698e-01
6.980000007152556973e-01
6.974000024795532493e-01
6.996999996900558072e-01
6.944000005722046343e-01
6.953000044822692516e-01
6.853000020980835050e-01
6.899000036716461670e-01
6.969000023603438843e-01
6.861999994516372325e-01
6.866000008583068581e-01
6.970000028610229270e-01
6.909000015258789373e-01
7.004000008106231467e-01
6.874000036716461093e-01
6.868000024557113781e-01
6.896000021696090387e-01
6.942000025510788319e-01
6.910000032186508490e-01
6.964999997615813898e-01
6.904000008106231379e-01
6.909000021219253718e-01
6.987000030279159057e-01
6.907999980449676114e-01
6.900000017881393610e-01
6.953000044822692516e-01
6.955000013113021851e-01
6.971000039577484042e-01
6.931000012159347357e-01
6.811000037193298828e-01
6.879000020027160600e-01
6.886999976634978760e-01
6.921999990940094216e-01
6.864000028371810558e-01
6.846000063419341863e-01
6.916000002622604281e-01
6.964000046253204790e-01
6.991000032424926625e-01
6.995000016689300049e-01
6.927000015974045244e-01
7.036000019311905440e-01
6.996000003814697443e-01
6.904000031948089866e-01
6.951000058650970148e-01
6.948999994993210194e-01
6.968000048398971247e-01
6.942999994754791571e-01
6.965000015497208041e-01
6.957000023126602706e-01
6.951000016927718628e-01
6.954000020027160112e-01
6.880000048875808405e-01
6.999000024795531960e-01
6.928000026941298906e-01
6.962000018358230902e-01
6.985000038146972345e-01
6.963000005483627186e-01
6.964000046253204790e-01
6.962000000476836759e-01
7.044000017642975120e-01
6.982000035047530861e-01
7.016000038385391546e-01
6.964000004529953269e-01
6.993000006675720304e-01
6.912000012397766513e-01
6.990000039339065996e-01
7.011000037193297896e-01
6.929000037908553677e-01
6.967000007629394753e-01
6.883000051975249889e-01
6.904000002145767034e-01
7.026000028848647938e-01
6.977000045776367010e-01
6.945000010728835660e-01
6.883999979496002730e-01
6.937000030279159013e-01
7.009000009298325118e-01
7.001000016927718672e-01
6.816000044345855713e-01
6.765000045299529585e-01
6.886999982595444214e-01
6.939000016450882491e-01
6.954000014066695767e-01
6.917000007629394709e-01
6.932000005245209096e-01
6.898000007867812755e-01
6.916000020503997314e-01
6.867000013589859009e-01
6.943000012636184604e-01
6.822000008821487160e-01
6.883000016212463823e-01
6.867000007629394664e-01
6.818000006675720703e-01
6.959999996423721358e-01
6.985000002384186280e-01
6.980000025033951117e-01
6.986000019311905396e-01
7.026999992132186845e-01
7.029000020027160733e-01
6.881000006198882968e-01
6.916000020503997314e-01
6.927999997138977184e-01
6.918000018596649481e-01
6.928000026941298906e-01
6.934000009298324496e-01
6.897000032663345159e-01
6.927000021934509588e-01
6.889000034332275479e-01
7.006000000238418179e-01
6.891000050306320679e-01
6.987000006437301680e-01
6.985000008344650624e-01
6.915000003576278198e-01
6.996000015735626132e-01
7.027999997138977273e-01
6.950000029802322343e-01
7.016000014543533059e-01
7.001000058650970193e-01
6.983000016212463912e-01
6.989000040292739913e-01
6.936000025272369696e-01
6.981000047922134577e-01
7.022000020742416027e-01
6.955000025033950539e-01
6.978000038862228749e-01
6.940000015497207464e-01
6.913000029325485629e-01
6.912000036239623890e-01
6.932999998331069724e-01
7.015000033378601119e-01
7.001000022888184127e-01
6.987000006437301680e-01
6.958999991416930930e-01
6.939999997615814431e-01
6.913000029325485629e-01
6.957000017166137251e-01
6.836000007390975464e-01
6.966999995708466065e-01
6.937000060081481845e-01
6.975000005960464433e-01
7.037000012397766069e-01
6.971000003814696866e-01
6.918000048398971202e-01
7.009000021219253806e-01
6.854000008106231334e-01
6.941000008583069203e-01
6.988000017404556452e-01
6.957000035047531394e-01
7.005999994277953835e-01
6.995000010728835704e-01
6.993999993801116588e-01
6.968000006675719726e-01
6.902999979257583574e-01
6.953000020980835139e-01
6.897000050544739302e-01
6.987000018358230369e-01
7.043000024557113381e-01
6.913000011444091486e-01
6.964000034332274991e-01
6.966000008583068670e-01
7.044000023603439464e-01
6.927000039815902621e-01
6.889999979734420243e-01
6.799000000953674405e-01
7.022000032663345825e-01
6.967000007629394753e-01
6.890000027418136108e-01
6.921000045537948342e-01
7.004000043869018644e-01
6.993999999761580932e-01
6.946000009775161743e-01
6.849000024795531827e-01
6.930000007152556929e-01
6.842000055313109952e-01
6.899000024795531871e-01
6.851999998092651589e-01
6.914000004529953225e-01
6.915000009536743653e-01
6.951000070571899947e-01
6.923999971151352240e-01
6.943000024557113292e-01
6.862000024318695157e-01
6.939000028371811180e-01
6.982999980449676736e-01
7.001000022888184127e-01
6.923000025749206365e-01
6.988000029325485141e-01
6.982999992370605424e-01
6.993000006675720304e-01
6.923000031709670710e-01
7.038000005483627808e-01
6.977999997138977228e-01
6.852999991178512218e-01
6.978000003099441573e-01
7.010000014305114435e-01
6.968000012636185181e-01
7.008999997377395319e-01
7.007000023126601640e-01
6.902999991178512262e-01
7.008000016212463379e-01
6.949000030755996260e-01
6.873000043630600464e-01
6.982000005245209140e-01
7.089000004529952825e-01
6.924000042676925482e-01
6.966999995708466065e-01
6.981000047922134577e-01
6.989000022411346880e-01
6.925000023841857422e-01
6.846000003814697310e-01
6.961000025272369163e-01
6.986000013351439941e-01
6.959000039100646795e-01
6.964000016450881958e-01
6.934000039100647328e-01
6.912000030279159546e-01
6.969999998807907549e-01
6.945000010728835660e-01
7.031000018119811790e-01
6.985000014305114968e-01
7.000999999046325639e-01
6.953000009059906450e-01
6.939000028371811180e-01
6.946000033617019120e-01
6.974000024795532493e-01
7.056000012159348023e-01
6.936000037193298384e-01
6.945000028610229803e-01
6.954999995231628818e-01
6.926000040769576538e-01
7.000000011920929355e-01
7.002000010013580411e-01
6.948000025749206943e-01
6.906000024080276578e-01
6.848000013828277055e-01
6.930000019073486728e-01
7.002000021934509100e-01
6.878000015020370173e-01
6.942000025510788319e-01
6.907999974489211770e-01
6.936000001430511208e-01
6.966000032424927157e-01
6.922000032663345737e-01
6.995000028610229847e-01
6.936999988555908603e-01
7.016000038385391546e-01
6.943000030517577637e-01
6.958000028133392023e-01
6.894000029563903675e-01
6.927000015974045244e-01
6.734000009298324319e-01
6.949000018835067571e-01
6.945999997854233055e-01
6.846000045537948830e-01
6.929000037908553677e-01
6.977000010013579834e-01
6.983000016212463912e-01
6.964000022411346302e-01
6.914000016450881914e-01
6.970000028610229270e-01
6.989000010490417081e-01
6.932999974489212347e-01
6.891000014543533503e-01
6.979000025987625033e-01
6.956999987363815530e-01
6.936000013351439897e-01
6.914000022411346258e-01
6.915000009536743653e-01
6.957999998331070302e-01
6.895000028610229759e-01
6.997000026702880904e-01
6.935000044107436645e-01
6.943999981880187855e-01
6.916000008583068626e-01
6.920000028610229226e-01
6.989000034332275568e-01
7.031000030040740478e-01
6.960000008344650047e-01
6.871000009775162232e-01
7.048999983072280484e-01
6.960000002384185702e-01
7.025000000000000133e-01
