1.492000003531575303e-01
2.166000002622604503e-01
2.672999994456767836e-01
2.953000009059906228e-01
3.324000017344951874e-01
3.584000010788440660e-01
3.785999989509582497e-01
3.934000003337860263e-01
4.092999988794326915e-01
4.234999972581863226e-01
4.309999972581863292e-01
4.397999995946884066e-01
4.530999964475631581e-01
4.570999976992606850e-01
4.621999973058700806e-01
4.747999975085258617e-01
4.772999966144561568e-01
4.849999976158141934e-01
4.882999968528747292e-01
4.907999944686889382e-01
4.922999975085258217e-01
5.022999969124793962e-01
4.999999964237213379e-01
4.983999988436698669e-01
5.063999959826469555e-01
5.119999963045119840e-01
5.138999992609023515e-01
5.183999967575073642e-01
5.189999940991402161e-01
5.174999982118606567e-01
5.229999962449073392e-01
5.265999945998192100e-01
5.259999960660934892e-01
5.277999958395958036e-01
5.274999958276748169e-01
5.320999962091446100e-01
5.326999947428703308e-01
5.326999977231026140e-01
5.385999944806099116e-01
5.385999971628189220e-01
5.425999963283538730e-01
5.399999961256980452e-01
5.465999987721442688e-01
5.468999949097633761e-01
5.450999951362609508e-01
5.510999959707260087e-01
5.480999931693076865e-01
5.554999953508377164e-01
5.490999957919120433e-01
5.573999974131583768e-01
5.532999968528747869e-01
5.611999928951263428e-01
5.552999985218047829e-01
5.606999966502189681e-01
5.583999997377395719e-01
5.623999989032745228e-01
5.587999984622001870e-01
5.577999988198280024e-01
5.694999971985816867e-01
5.671999964118004112e-01
5.704999962449073259e-01
5.685999959707259688e-01
5.688999959826469555e-01
5.693999987840652199e-01
5.740999969840049344e-01
5.813000017404555964e-01
5.779999971389770952e-01
5.739000031352042841e-01
5.808999994397163746e-01
5.809999963641166998e-01
5.807000026106834412e-01
5.784999975562095109e-01
5.796999996900558116e-01
5.793999984860420671e-01
5.821999999880790311e-01
5.848999986052513256e-01
5.828999966382980569e-01
5.817999994754791127e-01
5.855999955534935131e-01
5.837999981641769365e-01
5.780999946594238548e-01
5.879999992251395691e-01
5.849000000953674672e-01
5.872999978065490678e-01
5.895999976992607472e-01
5.891999995708465665e-01
5.949999979138373973e-01
5.935999992489814359e-01
5.971999967098235995e-01
5.936000022292137190e-01
5.978000029921531899e-01
5.955999964475631181e-01
5.973000031709670976e-01
5.947999998927115950e-01
5.978000012040137756e-01
5.941999980807304294e-01
5.930999973416328785e-01
6.011000004410743669e-01
5.984000012278556380e-01
5.994000011682509843e-01
5.985999983549118442e-01
6.040000015497207775e-01
6.024999997019767628e-01
5.953999984264374268e-01
6.033999997377396118e-01
5.992000007629394442e-01
5.980000010132789923e-01
6.045000016689300315e-01
5.982999998331069991e-01
6.018999993801117387e-01
6.027999985218047696e-01
6.025000002980231972e-01
5.982999977469444230e-01
5.995999950170517456e-01
6.072000026702880637e-01
6.084000000357627780e-01
6.057999968528747781e-01
6.062999999523163153e-01
6.114000025391578275e-01
6.069000014662742082e-01
6.078999981284141096e-01
6.055999982357025413e-01
6.077999967336654707e-01
6.119000002741813438e-01
6.118999999761581821e-01
6.119999966025352345e-01
6.090999975800513999e-01
6.102000015974045066e-01
6.145999971032142239e-01
6.105000004172325134e-01
6.125999966263770968e-01
6.124000009894371432e-01
6.149999985098838495e-01
6.118999984860420405e-01
6.137999993562698320e-01
6.115999993681907609e-01
6.099999958276748346e-01
6.129000020027161044e-01
6.134999975562095420e-01
6.195999971032142284e-01
6.174000003933906022e-01
6.147999981045723095e-01
6.108999994397162903e-01
6.186999991536140664e-01
6.171999993920326277e-01
6.204000014066696211e-01
6.192000016570091692e-01
6.228999969363212541e-01
6.214999991655349998e-01
6.204999983310699463e-01
6.225999987125396817e-01
6.188999992609024448e-01
6.140999984741211115e-01
6.182000020146369845e-01
6.225999999046325506e-01
6.230000019073486106e-01
6.256000006198882968e-01
6.211000007390975464e-01
6.261000031232833996e-01
6.243999969959258545e-01
6.247000020742415893e-01
6.253000020980834517e-01
6.253999972343444735e-01
6.253999975323677463e-01
6.271000003814697354e-01
6.256999984383583291e-01
6.300000000000000044e-01
6.255999994277954279e-01
6.265999978780746327e-01
6.333999985456466586e-01
6.237000021338462430e-01
6.258000025153159784e-01
6.277000007033347595e-01
6.314999994635581704e-01
6.305000007152556929e-01
6.307000008225440713e-01
6.321999967098236306e-01
6.281999990344047102e-01
6.276999992132187289e-01
6.338999986648559126e-01
6.317000025510788319e-01
6.320000016689300004e-01
6.346000009775161210e-01
6.303000029921531633e-01
6.311000019311905351e-01
6.322000005841255099e-01
6.351000013947486478e-01
6.335999983549117642e-01
6.333999976515769514e-01
6.335999992489814714e-01
6.360999983549118220e-01
6.363000017404556452e-01
6.358000007271766840e-01
6.344999995827674821e-01
6.329999983310699019e-01
6.401000005006790561e-01
6.371999996900558072e-01
6.351999992132186801e-01
6.311000019311905351e-01
6.384999978542328369e-01
6.375999987125396951e-01
6.360000011324882241e-01
6.384000009298325118e-01
6.402000021934509677e-01
6.376000010967254328e-01
6.348999989032745317e-01
6.332000005245208563e-01
6.372000038623809592e-01
6.372000008821487871e-01
6.417999988794327315e-01
6.392000007629394798e-01
6.400999975204467729e-01
6.386000031232833551e-01
6.403999996185302246e-01
6.362000021338463096e-01
6.398000001907349077e-01
6.364000022411346880e-01
6.362999993562697965e-01
6.399000009894371122e-01
6.434000009298324052e-01
6.397999989986419278e-01
6.396000009775161255e-01
6.422000008821487915e-01
6.381999981403351230e-01
6.405000013113021362e-01
6.442000007629394842e-01
6.431999993324279963e-01
6.417000007629394265e-01
6.403000003099441617e-01
6.434999978542328414e-01
6.399000006914138394e-01
6.433000031113624839e-01
6.421999990940093772e-01
6.382000023126601640e-01
6.392000004649162070e-01
6.405999985337257341e-01
6.421000036597251936e-01
6.459999999403953641e-01
6.473000013828277277e-01
6.384999999403953019e-01
6.405000007152557018e-01
6.440000009536742676e-01
6.447000008821487382e-01
6.420000028610229892e-01
6.448000007867813466e-01
6.442000025510787875e-01
6.424000030755996349e-01
6.436999967694282399e-01
6.428000015020370883e-01
6.437000018358230991e-01
6.491999983787536399e-01
6.446000012755394026e-01
6.408999994397163169e-01
6.422000026702880948e-01
6.469000005722045366e-01
6.478000003099441129e-01
6.479000025987624589e-01
6.492999988794326827e-01
6.466000047326088129e-01
6.490000054240226968e-01
6.456999978423119124e-01
6.495000028610229403e-01
6.476000005006790072e-01
6.483000022172927812e-01
6.473000031709671420e-01
6.499000006914138483e-01
6.481999978423118591e-01
6.484000000357628135e-01
6.474000000953674672e-01
6.501999983191489862e-01
6.470000013709068520e-01
6.458000022172928345e-01
6.499999994039535878e-01
6.464999991655350220e-01
6.486000016331672224e-01
6.467000004649162692e-01
6.469000011682510820e-01
6.482999989390373363e-01
6.453000012040138733e-01
6.505000016093254178e-01
6.479000014066695901e-01
6.510999983549118353e-01
6.511000037193298562e-01
6.454000025987625122e-01
6.530000001192093340e-01
6.531000024080276800e-01
6.515000003576278953e-01
6.438999998569489014e-01
6.511000007390975730e-01
6.514999997615814609e-01
6.506000000238418846e-01
6.525000011920929488e-01
6.553000026941299128e-01
6.488000002503394592e-01
6.498000031709670887e-01
6.457999998331069857e-01
6.502000027894974110e-01
6.446999990940094349e-01
6.532999992370605025e-01
6.530000019073486373e-01
6.503999987244606373e-01
6.508999991416931641e-01
6.564000037312507363e-01
6.495000010728836370e-01
6.489999988675116960e-01
6.528000029921531278e-01
6.521000003814697576e-01
6.519999980926514116e-01
6.503000020980834739e-01
6.524000012874603405e-01
6.559000027179717751e-01
6.521999990940093861e-01
6.520000034570694325e-01
6.527000015974044889e-01
6.516000020503998069e-01
6.556999984383583557e-01
6.533999997377395452e-01
6.511000004410744113e-01
6.552999991178513062e-01
6.550000017881393299e-01
6.553999990224838035e-01
6.537999993562698675e-01
6.561999994516373169e-01
6.568999993801116766e-01
6.530000013113022028e-01
6.558999997377396030e-01
6.581999981403350297e-01
6.594000005722046032e-01
6.500999990105629234e-01
6.531000012159347001e-01
6.593999999761581687e-01
6.566000008583068315e-01
6.563999986648559881e-01
6.599000006914138572e-01
6.557000014185905279e-01
6.549999991059303195e-01
6.572000026702881081e-01
6.534999990463257191e-01
6.582000017166137473e-01
6.550000002980231883e-01
6.556999981403350830e-01
6.588000017404556097e-01
6.554999983310699774e-01
6.568000015616416443e-01
6.552000004053115667e-01
6.573000013828277366e-01
6.571000015735626310e-01
6.521000018715858992e-01
6.571000039577483687e-01
6.609000009298324763e-01
6.584999990463257236e-01
6.572000008821486938e-01
6.598000001907348144e-01
6.525999981164932739e-01
6.558999997377396030e-01
6.612000000476837558e-01
6.530000001192093340e-01
6.576000022888183194e-01
6.569999995827674466e-01
6.531999987363815707e-01
6.638000005483627453e-01
6.622999987006187306e-01
6.592999988794326915e-01
6.566999986767768638e-01
6.621999961137771118e-01
6.558000001311302674e-01
6.567000037431717230e-01
6.569000023603439598e-01
6.564000004529952914e-01
6.622999989986420033e-01
6.621000009775162010e-01
6.626000034809113037e-01
6.581000018119812500e-01
6.532999974489211992e-01
6.633000004291534912e-01
6.589999988675117049e-01
6.552000021934509810e-01
6.562000021338463274e-01
6.568000006675720481e-01
6.542000019550323620e-01
6.599000030755997059e-01
6.626999986171722146e-01
6.496000000834465382e-01
6.588999998569488037e-01
6.666999989748001454e-01
6.623000025749206099e-01
6.578000020980835361e-01
6.655000019073485928e-01
6.632000011205673173e-01
6.647000002861023216e-01
6.602999991178513106e-01
6.634999996423721624e-01
6.571000018715857927e-01
6.621999993920326677e-01
6.658000010251998724e-01
6.647000020742416249e-01
6.598000025749206632e-01
6.633000019192695218e-01
6.628000003099441262e-01
6.591000068187713445e-01
6.653999966382980746e-01
6.652000010013580100e-01
6.589999988675117049e-01
6.641999995708465221e-01
6.629999989271163630e-01
6.579000014066695989e-01
6.581000006198882701e-01
6.646999979019164728e-01
6.678000020980835449e-01
6.610999989509582786e-01
6.595000016689300804e-01
6.626000010967254550e-01
6.610000020265579534e-01
6.604000017046928184e-01
6.601999986171722679e-01
6.605000019073485884e-01
6.682999986410140814e-01
6.656999987363815263e-01
6.599000024795532715e-01
6.644000029563903453e-01
6.633000022172927945e-01
6.645999991893768444e-01
6.652000004053115756e-01
6.624000012874603494e-01
6.638999998569488081e-01
6.592999982833862571e-01
6.630000001192093428e-01
6.606000012159347623e-01
6.590000027418136952e-01
6.630000013113022117e-01
6.610000020265579534e-01
6.688000017404556186e-01
6.643999987840651933e-01
6.649000009894371344e-01
6.714999997615813676e-01
6.692999994754791349e-01
6.625000011920928467e-01
6.683999991416931241e-01
6.661000025272368896e-01
6.680000013113022161e-01
6.679000067710876287e-01
6.680000048875808227e-01
6.715000009536743475e-01
6.654000017046928228e-01
6.652000027894974243e-01
6.640000015497207198e-01
6.679000020027160422e-01
6.660000014305115235e-01
6.674000024795532227e-01
6.684000021219254073e-01
6.683000016212463645e-01
6.664999997615814742e-01
6.683000028133392334e-01
6.668000000715256226e-01
6.657999998331070035e-01
6.615999990701675326e-01
6.650000011920929044e-01
6.642000031471252397e-01
6.670000058412551835e-01
6.692000013589859408e-01
6.690000003576278553e-01
6.652999985218047696e-01
6.670000010728835971e-01
6.638000005483627453e-01
6.714000022411346080e-01
6.678000023961067066e-01
6.670000010728835971e-01
6.641000014543533281e-01
6.631000041961669922e-01
6.626000002026557478e-01
6.656999981403350919e-01
6.655000007152557240e-01
6.699000000953674316e-01
6.700000023841857777e-01
6.670000010728835971e-01
6.699999991059303328e-01
6.645000022649765192e-01
6.612000000476837558e-01
6.633000004291534912e-01
6.706000036001205089e-01
6.656000006198883323e-01
6.684000009298324274e-01
6.682000029087066251e-01
6.709999996423721136e-01
6.650999993085860984e-01
6.693000012636184382e-01
6.715000009536743475e-01
6.711000013351440252e-01
6.708000046014785944e-01
6.688000023365020530e-01
6.733000022172928034e-01
6.735000002384186057e-01
6.726000010967254639e-01
6.715000027418136508e-01
6.700000035762786466e-01
6.677000004053116333e-01
6.650000005960464700e-01
6.639000022411346569e-01
6.669000011682509887e-01
6.708000004291534424e-01
6.667000025510787520e-01
6.678000026941299794e-01
6.655999982357024836e-01
6.630999994277954057e-01
6.715000009536743475e-01
6.660000014305115235e-01
6.667000025510787520e-01
6.691000008583068981e-01
6.682000017166137562e-01
6.669000023603439686e-01
6.689000004529952470e-01
6.686000019311905129e-01
6.706999999284743996e-01
6.694000035524367842e-01
6.668999999761581199e-01
6.679000031948089111e-01
6.673999994993209395e-01
6.647000008821487560e-01
6.718999999761581243e-01
6.682000029087066251e-01
6.721000027656555131e-01
6.720000016689300359e-01
6.681000024080276933e-01
6.675000023841858310e-01
6.665000009536743431e-01
6.721000021696090787e-01
6.640000027418136996e-01
6.702000004053115800e-01
6.698000043630599754e-01
6.714000034332275879e-01
6.751000016927719560e-01
6.708000022172927457e-01
6.704000025987625344e-01
6.719000029563904075e-01
6.698999989032745628e-01
6.733000034093856723e-01
6.733000034093856723e-01
6.703000009059906228e-01
6.743000012636184426e-01
6.706000018119812056e-01
6.758000004291534468e-01
6.757000011205672729e-01
6.716000050306319968e-01
6.705000048875808805e-01
6.702000010013580145e-01
6.720000004768371671e-01
6.697000002861023260e-01
6.720000016689300359e-01
6.687000024318695557e-01
6.726999992132186579e-01
6.698000025749206721e-01
6.714000028371810425e-01
6.740000021457671631e-01
6.726000022888183327e-01
6.731000018119811523e-01
6.712000024318695024e-01
6.720000034570694503e-01
6.711000031232834395e-01
6.718999999761581243e-01
6.757000029087066872e-01
6.696000009775161521e-01
6.671000033617019431e-01
6.698999994993209972e-01
6.738000035285949263e-01
6.685000002384186013e-01
6.682999986410140814e-01
6.723999997973442166e-01
6.728000015020370039e-01
6.752000004053115845e-01
6.746000009775161566e-01
6.741000038385390747e-01
6.734000045061111495e-01
6.771000033617019520e-01
6.744000029563903542e-01
6.712000030279159368e-01
6.746000015735625910e-01
6.707000011205672685e-01
6.699000006914138661e-01
6.710000064969062761e-01
6.703000038862227949e-01
6.768999975919723910e-01
6.693999993801117432e-01
6.708000022172927457e-01
6.690000015497207242e-01
6.702000004053115800e-01
6.719000041484832764e-01
6.724000024795532271e-01
6.747000017762183610e-01
6.786000007390975419e-01
6.735000026226043435e-01
6.734000003337859974e-01
6.733000016212463690e-01
6.743000000715255737e-01
6.681999999284744529e-01
6.726000016927718983e-01
6.705000066757201838e-01
6.736000013351440829e-01
6.704999965429305764e-01
6.744000017642974854e-01
6.739000010490417969e-01
6.708999991416930708e-01
6.703000020980834917e-01
6.737000036239624290e-01
6.752000004053115845e-01
6.745000022649765281e-01
6.699000012874603005e-01
6.731999999284744574e-01
6.675999981164931762e-01
6.715999984741211071e-01
6.711000025272368941e-01
6.725999996066093223e-01
6.705000030994415772e-01
6.721000015735626443e-01
6.731000012159347179e-01
6.744000017642974854e-01
6.743000024557113115e-01
6.740000039339065774e-01
6.697999995946883889e-01
6.723999994993209439e-01
6.717000019550323220e-01
6.744000011682510509e-01
6.708000022172927457e-01
6.813000017404555742e-01
6.746000033617020053e-01
6.703000020980834917e-01
6.743000000715255737e-01
6.783000010251999390e-01
6.749000012874603049e-01
6.741000020503997714e-01
6.703000015020370572e-01
6.727999985218048318e-01
6.791999995708465354e-01
6.812000000476836625e-01
6.734000003337859974e-01
6.769000005722045632e-01
6.771999996900558427e-01
6.787000012397765847e-01
6.781999999284744618e-01
6.756999987363815352e-01
6.779000020027160511e-01
6.773000043630600375e-01
6.747999989986419589e-01
6.798999994993210061e-01
6.721000027656555131e-01
6.718999987840652555e-01
6.734000033140182806e-01
6.781000000238418535e-01
6.757999986410141435e-01
6.739000028371811002e-01
6.765000009536743519e-01
6.795000034570694014e-01
6.790000003576278642e-01
6.733000010251999345e-01
6.775999999046325994e-01
6.738999998569488170e-01
6.784000009298324363e-01
6.753000038862227994e-01
6.754000008106231245e-01
6.779000008106231823e-01
6.762999999523162664e-01
6.752999997138977584e-01
6.789000040292739735e-01
6.834999990463256347e-01
6.753000015020370617e-01
6.703000009059906228e-01
6.772000032663345603e-01
6.736999988555908425e-01
6.754000002145766901e-01
6.787999999523163241e-01
6.790000021457671675e-01
6.761000001430511608e-01
6.747999995946883933e-01
6.781000012159347223e-01
6.782000041007996138e-01
6.757999992370605780e-01
6.795000010728835527e-01
6.785000044107437622e-01
6.738999998569488170e-01
6.790000003576278642e-01
6.776000022888183372e-01
6.775000029802322743e-01
6.792000007629394043e-01
6.797000008821487693e-01
6.788000023365020619e-01
6.794000029563903587e-01
6.801000022888183949e-01
6.763000017404556807e-01
6.738000005483627541e-01
6.774000024795532315e-01
6.767000001668930231e-01
6.810000014305114258e-01
6.824999982118606923e-01
6.749000036716461537e-01
6.805000001192093029e-01
6.758999997377395097e-01
6.794000011682510554e-01
6.826000040769577559e-01
6.792000031471252530e-01
6.825000029802322787e-01
6.785999989509582386e-01
6.796000009775161610e-01
6.808000040054321689e-01
6.821999990940094127e-01
6.816000014543532881e-01
6.789000022411346702e-01
6.840999990701674971e-01
6.823000037670134965e-01
6.796000027656554643e-01
6.790000033378601474e-01
6.831000024080275956e-01
6.809000015258789285e-01
6.804000025987625433e-01
6.778000015020370084e-01
6.794000017642974898e-01
6.766000014543532837e-01
6.868000018596649436e-01
6.812999993562698364e-01
6.799999970197677657e-01
6.802000033855438721e-01
6.847000050544739258e-01
6.758000016212463157e-01
6.834000009298324407e-01
6.774999999999999911e-01
6.839000004529952603e-01
6.850000023841857910e-01
6.805000025033950406e-01
6.853000038862228083e-01
6.797000014781952038e-01
6.813000023365021196e-01
6.827000004053115356e-01
6.779999989271163763e-01
6.821000021696090876e-01
6.803000026941299350e-01
6.806999987363815396e-01
6.805000042915344549e-01
6.870000016689300493e-01
6.850000005960464877e-01
6.850000011920929222e-01
6.826000005006790383e-01
6.832000035047530728e-01
6.838999992609023915e-01
6.831000006198882923e-01
6.813000005483627053e-01
6.858000040054321733e-01
6.839000040292739779e-01
6.837000024318694580e-01
6.819999986886977617e-01
6.821000033617019565e-01
6.776000005006790339e-01
6.789999991655349953e-01
6.818000000715255249e-01
6.806000030040740834e-01
6.826999998092651012e-01
6.846000039577484486e-01
6.850000041723250943e-01
6.812000012397766424e-01
6.780000001192092451e-01
6.844999998807906882e-01
6.839999997615814342e-01
6.768000018596649348e-01
6.792000031471252530e-01
6.817000025510787653e-01
6.820000034570693481e-01
6.807000029087066917e-01
6.820000016689300448e-01
6.840000021457671719e-01
6.773999994993209484e-01
6.775000011920928600e-01
6.802000015974044578e-01
6.817000037431717452e-01
6.765000021457672208e-01
6.770000028610229093e-01
6.835000044107437667e-01
6.851000064611434404e-01
6.822000008821487160e-01
6.818000000715255249e-01
6.797000014781952038e-01
6.801999998092651545e-01
6.824000042676925393e-01
6.872000020742415893e-01
6.843000036478043002e-01
6.818000006675720703e-01
6.807000023126602573e-01
6.824000000953673872e-01
6.841000002622604770e-01
6.825000041723251476e-01
6.809000009298324940e-01
6.813000011444091397e-01
6.781000024080277022e-01
6.800000029802322210e-01
6.820000022649764793e-01
6.779000037908553544e-01
6.799000000953674405e-01
6.823999977111816495e-01
6.824999999999999956e-01
6.848999994993210105e-01
6.748000007867812622e-01
6.813000005483627053e-01
6.878000015020370173e-01
6.830000013113022295e-01
6.832999998331069635e-01
6.874999994039535656e-01
6.885000002384186191e-01
6.869999998807907460e-01
6.823999971151352151e-01
6.883000022172928167e-01
6.818000000715255249e-01
6.876999998092651056e-01
6.812999990582465637e-01
6.818999999761581332e-01
6.825000023841858443e-01
6.856999999284744129e-01
6.838999998569488259e-01
6.865999978780746860e-01
6.803999990224838257e-01
6.842000013589859542e-01
6.824000030755996704e-01
6.860999965667724521e-01
6.838000017404556319e-01
6.794000011682510554e-01
6.824999999999999956e-01
6.873999997973442300e-01
6.830000025033950983e-01
6.851000040769577026e-01
6.807999998331070168e-01
6.844000011682510598e-01
6.816999995708465931e-01
6.829000020027160556e-01
6.881000006198882968e-01
6.815999978780746815e-01
6.886000019311905307e-01
6.848000019788742510e-01
6.809000027179717973e-01
6.807999998331070168e-01
6.834000021219253096e-01
6.816000026464462680e-01
6.865999996662139893e-01
6.834000003337860063e-01
6.801000028848648293e-01
6.815000027418136597e-01
6.829999989271163807e-01
6.806000018119812145e-01
6.842000013589859542e-01
6.799000006914138750e-01
6.808000046014786033e-01
6.842000037431716919e-01
6.818999999761581332e-01
6.824999994039535611e-01
6.817999994754790904e-01
6.826000010967254727e-01
6.833000016212463779e-01
6.838000011444091975e-01
6.868000018596649436e-01
6.817000025510787653e-01
6.863000017404555786e-01
6.860999995470047352e-01
6.837000036239624379e-01
6.852000010013580278e-01
6.882999998331069680e-01
6.824000048637389737e-01
6.870000046491623324e-01
6.869999986886977661e-01
6.854000020027161133e-01
6.826999986171722323e-01
6.809000009298324940e-01
6.830999994277954235e-01
6.817000013589858964e-01
6.837999957799911765e-01
6.847000038623809459e-01
6.910999995470047397e-01
6.891000002622604814e-01
6.877000004053115401e-01
6.827000004053115356e-01
6.867000019550323353e-01
6.887000042200088767e-01
6.877000004053115401e-01
6.840000015497207375e-01
6.812000018358230768e-01
6.905000030994414839e-01
6.890000045299530251e-01
6.846000015735625999e-01
6.882999992370605336e-01
6.881000047922134488e-01
6.921000081300735518e-01
6.881000030040741455e-01
6.870999997854232433e-01
6.863000011444091442e-01
6.854000025987625477e-01
6.867000001668930320e-01
6.857000005245208474e-01
6.862999999523162753e-01
6.855000019073486106e-01
6.868999987840652688e-01
6.895000004768371271e-01
6.874000012874603716e-01
6.880000007152556885e-01
6.874000036716461093e-01
6.880000007152556885e-01
6.869999992847443115e-01
6.858000034093856279e-01
6.900000005960464922e-01
6.836000025272369607e-01
6.860000020265579757e-01
6.838000029325485007e-01
6.847000050544739258e-01
6.817000007629394620e-01
6.813999998569488792e-01
6.831000012159347268e-01
6.827000015974045155e-01
6.854000020027161133e-01
6.887000024318694624e-01
6.861999982595443637e-01
6.863000011444091442e-01
6.825000005960464300e-01
6.881000024080276001e-01
6.828000009059905784e-01
6.777999991178512706e-01
6.872000014781951549e-01
6.838000005483627630e-01
6.868999981880188344e-01
6.835999995470046775e-01
6.858999985456466497e-01
6.866999989748001632e-01
6.868000000715255293e-01
6.836000013351440918e-01
6.861000001430511697e-01
6.847999989986419678e-01
6.860999989509583008e-01
6.878000015020370173e-01
6.857000017166137162e-01
6.837000006437301547e-01
6.863000017404555786e-01
6.882000029087066428e-01
6.836000019311905262e-01
6.852000004053115934e-01
6.887999999523163330e-01
6.857000023126602617e-01
6.840000015497207375e-01
6.838999992609023915e-01
6.881000006198882968e-01
6.919999998807907504e-01
6.832000011205673351e-01
6.861000031232833418e-01
6.876000022888183461e-01
6.912999969720839966e-01
6.854000025987625477e-01
6.900000029802322299e-01
6.844999998807906882e-01
6.912999999523162797e-01
6.854999989271164385e-01
6.874000000953673917e-01
6.851000028848648338e-01
6.832000011205673351e-01
6.820000016689300448e-01
6.856000000238418046e-01
6.810000026226044056e-01
6.855999988317489358e-01
6.897000026702880815e-01
6.849000048637390314e-01
6.885000008344650535e-01
6.846000009775161654e-01
6.898000031709671243e-01
6.876000022888183461e-01
6.892000019550323930e-01
6.914000022411346258e-01
6.867000007629394664e-01
6.876000034809112149e-01
6.853000015020370705e-01
6.900000023841857955e-01
6.861000001430511697e-01
6.900000041723250988e-01
6.854999995231628729e-01
6.856000041961669567e-01
6.886000019311905307e-01
6.867000037431716386e-01
6.902000027894973355e-01
6.883000022172928167e-01
6.899000018835067527e-01
6.905000036954880294e-01
6.860000032186508445e-01
6.837000024318694580e-01
6.904000055789947243e-01
6.869000035524368553e-01
6.839000034332275435e-01
6.885000038146972257e-01
6.862000018358230813e-01
6.847000008821487738e-01
6.874000030755996749e-01
6.850000023841857910e-01
6.888999998569488303e-01
6.881000030040741455e-01
6.869000029563904208e-01
6.830000019073486639e-01
6.859000021219253673e-01
6.846999990940093594e-01
6.876000028848647805e-01
6.886000019311905307e-01
6.867999988794326605e-01
6.877000004053115401e-01
6.883000022172928167e-01
