1.710000006854534016e-01
2.109999998658895481e-01
2.675000000000000155e-01
3.157000002264976346e-01
3.335000002384185813e-01
3.575000008940696916e-01
3.829999992251396090e-01
3.970000001788139277e-01
4.120999985933304077e-01
4.275999972224235335e-01
4.393999981880187811e-01
4.501999968290328891e-01
4.568999975919723622e-01
4.622999978065490678e-01
4.757999980449676425e-01
4.816999962925910816e-01
4.876999986171722257e-01
4.965999978780746282e-01
4.961999979615211442e-01
5.000999975204467596e-01
5.079999971389770330e-01
5.029999989271164429e-01
5.098999971151352284e-01
5.173999980092048867e-01
5.185999971628189043e-01
5.213999971747398376e-01
5.275999969244002941e-01
5.255999964475631669e-01
5.286999949812889454e-01
5.329999959468841864e-01
5.368999949097633673e-01
5.416999953985214278e-01
5.401999977231025651e-01
5.381000003218651129e-01
5.433999973535538208e-01
5.476000010967254639e-01
5.481999957561493053e-01
5.516999980807304471e-01
5.483999973535538253e-01
5.545999976992607161e-01
5.588999980688095226e-01
5.568999972939491228e-01
5.564999991655349421e-01
5.564999970793723660e-01
5.640999969840049255e-01
5.662999975681305420e-01
5.615999954938888372e-01
5.666999992728233293e-01
5.697999978065491078e-01
5.711999988555908070e-01
5.677999955415725664e-01
5.747999981045722739e-01
5.727999988198280157e-01
5.767999985814094011e-01
5.743999987840652244e-01
5.769999945163726274e-01
5.752999979257583663e-01
5.803999999165534440e-01
5.752999988198280734e-01
5.761999991536140842e-01
5.834999987483024952e-01
5.791999998688698303e-01
5.880999982357024702e-01
5.850000002980232372e-01
5.842000022530555725e-01
5.871000003814696999e-01
5.889999967813491777e-01
5.873999965190886963e-01
5.914999973773956699e-01
5.926000002026557967e-01
5.900999993085861428e-01
5.907999992370605025e-01
5.929999992251395735e-01
5.904999998211860612e-01
5.940000018477440413e-01
5.892999964952468916e-01
6.015999987721443176e-01
5.990999981760978255e-01
5.975999981164932251e-01
5.954999992251396312e-01
5.980999988317489136e-01
5.984999960660934981e-01
6.004000014066696034e-01
6.011999991536139953e-01
5.992999970912933350e-01
6.017999976873398271e-01
6.014999985694885476e-01
6.084999978542328103e-01
6.053999966382980213e-01
6.046999999880791066e-01
6.063000008463859114e-01
6.074999991059303328e-01
6.050999996066093178e-01
6.086999994516372192e-01
6.064000004529952470e-01
6.099999997019768250e-01
6.148999992012977867e-01
6.069000014662742082e-01
6.090000006556510748e-01
6.075999963283539307e-01
6.115999987721443265e-01
6.128999990224838212e-01
6.115999993681907609e-01
6.131999990344048079e-01
6.113999980688095137e-01
6.125999975204468040e-01
6.166999992728233737e-01
6.177999994158744901e-01
6.135000008344649869e-01
6.184999981522559809e-01
6.203000012040138511e-01
6.178000026941299350e-01
6.193000006675720703e-01
6.213000020384789046e-01
6.169000008702277826e-01
6.176000002026558189e-01
6.205999997258185852e-01
6.145999985933303655e-01
6.251999992132186712e-01
6.197000020742415849e-01
6.226999968290328757e-01
6.228000003099442017e-01
6.253999966382980391e-01
6.273999971151351662e-01
6.262999984622001914e-01
6.313000029325485096e-01
6.259999999403953463e-01
6.285999971628188909e-01
6.289999952912330716e-01
6.258999985456467074e-01
6.328000015020370794e-01
6.277000015974044667e-01
6.289000010490417569e-01
6.290999990701675593e-01
6.327999985218047962e-01
6.291999983787536221e-01
6.299000003933906688e-01
6.289000001549720498e-01
6.356000027060508817e-01
6.320000001788139699e-01
6.400000035762787309e-01
6.357000008225440757e-01
6.332999977469444541e-01
6.368000024557113337e-01
6.314000007510185419e-01
6.359000003337860196e-01
6.384000021219253806e-01
6.369000017642975076e-01
6.380000019073486239e-01
6.364999970793724371e-01
6.378000006079673767e-01
6.452000007033348306e-01
6.439000046253204879e-01
6.398000007867813421e-01
6.394000005722045854e-01
6.370999997854233099e-01
6.381000015139579595e-01
6.411000010371208369e-01
6.398999997973442433e-01
6.432000017166137340e-01
6.433000010251999079e-01
6.475000020861625405e-01
6.425999993085861339e-01
6.475999996066093001e-01
6.430999988317489535e-01
6.426999983191490351e-01
6.458999991416931596e-01
6.415000000596046137e-01
6.464999991655350220e-01
6.453000029921531766e-01
6.489000001549720675e-01
6.474000009894370633e-01
6.433000001311302007e-01
6.462000006437301769e-01
6.504000002145766679e-01
6.495000001788139299e-01
6.487000000476836892e-01
6.445000013709067943e-01
6.481000009179115340e-01
6.538000020384788780e-01
6.495000019669532332e-01
6.489999994635582414e-01
6.537000018358231079e-01
6.548000010848045171e-01
6.509000030159950434e-01
6.545000010728836415e-01
6.549000003933906910e-01
6.559000018239021790e-01
6.566000038385391147e-01
6.530000028014183444e-01
6.558000016212462979e-01
6.549000009894371255e-01
6.527999982237815413e-01
6.530000004172324957e-01
6.567000040411948847e-01
6.576000016927718850e-01
6.562000021338463274e-01
6.588000020384788824e-01
6.615000033378600763e-01
6.597000008821487516e-01
6.604000031948089600e-01
6.590000006556511192e-01
6.630999991297721330e-01
6.588000014424324480e-01
6.569000020623206870e-01
6.636000001430510942e-01
6.594000041484833208e-01
6.618000021576881942e-01
6.607000017166138051e-01
6.590000024437904225e-01
6.618000048398972046e-01
6.590000000596046847e-01
6.606000006198883279e-01
6.627000010013580633e-01
6.596000021696091231e-01
6.639000010490417880e-01
6.626999998092650834e-01
6.602000039815902888e-01
6.650000041723251876e-01
6.627000010013580633e-01
6.651000040769576849e-01
6.632000041007996005e-01
6.599000006914138572e-01
6.643000000715255648e-01
6.628000020980835405e-01
6.632000005245208829e-01
6.692000019550323753e-01
6.613000029325485363e-01
6.656000041961669389e-01
6.633999997377395541e-01
6.649000012874602961e-01
6.685000032186507735e-01
6.619000035524368331e-01
6.652000015974044445e-01
6.655999988317489180e-01
6.665000054240226568e-01
6.690000003576278553e-01
6.688000017404556186e-01
6.690000018477439969e-01
6.698000007867812577e-01
6.706000030040740745e-01
6.671000018715858015e-01
6.741000020503997714e-01
6.697000014781951949e-01
6.682000029087066251e-01
6.731000000238418490e-01
6.718000030517577992e-01
6.695000022649765237e-01
6.722999995946884466e-01
6.713000035285949796e-01
6.694000029563903498e-01
6.683000040054321023e-01
6.729000025987624811e-01
6.687999999523163153e-01
6.696000021696090210e-01
6.768000024557113692e-01
6.738000011444091886e-01
6.721000027656555131e-01
6.756000018119812101e-01
6.771000039577483864e-01
6.728000020980835494e-01
6.739000016450882313e-01
6.744999998807906794e-01
6.763000023365021152e-01
6.709000015258789196e-01
6.772000008821487116e-01
6.821000009775162187e-01
6.768999999761581288e-01
6.804999989271164340e-01
6.793000024557113159e-01
6.750000029802322166e-01
6.803000020980835005e-01
6.736000031232833862e-01
6.731000041961670011e-01
6.811000019311904685e-01
6.805000030994414750e-01
6.762999999523162664e-01
6.761000025272368985e-01
6.721000003814697754e-01
6.740000009536742942e-01
6.752000039815903021e-01
6.794000053405762074e-01
6.793000000715255782e-01
6.803000020980835005e-01
6.716000020503998247e-01
6.755000013113021673e-01
6.810000026226044056e-01
6.762000006437302035e-01
6.761000025272368985e-01
6.789000022411346702e-01
6.828000020980834472e-01
6.767000025510787609e-01
6.780000007152557906e-01
6.828000009059905784e-01
6.773000019788741888e-01
6.763000005483627008e-01
6.808000010251998857e-01
6.783000010251999390e-01
6.813000017404555742e-01
6.839000016450882402e-01
6.827000021934509499e-01
6.793000024557113159e-01
6.805000019073486062e-01
6.850000017881393566e-01
6.811000031232833374e-01
6.861000001430511697e-01
6.848000001907348366e-01
6.826000005006790383e-01
6.843000006675720170e-01
6.817000049352646140e-01
6.834000021219253096e-01
6.852000045776367454e-01
6.912000042200088235e-01
6.852000021934508966e-01
6.821000003814696733e-01
6.819000041484832852e-01
6.898000001907348411e-01
6.874000060558319580e-01
6.824999988079071267e-01
6.857000005245208474e-01
6.874000006914138261e-01
6.843000006675720170e-01
6.797999989986419633e-01
6.807000026106834190e-01
6.833000022172928123e-01
6.829000014066696211e-01
6.866000014543532926e-01
6.831000000238418579e-01
6.830000030994415328e-01
6.853999990224838301e-01
6.829000043869019043e-01
6.859000039100646706e-01
6.875000029802322832e-01
6.857000041007995650e-01
6.853000020980835050e-01
6.866999977827071833e-01
6.875000005960464344e-01
6.857000017166137162e-01
6.868000012636185092e-01
6.891000008583069159e-01
6.909000009298325029e-01
6.886000013351440963e-01
6.872999989986419145e-01
6.832000017166137695e-01
6.864000028371810558e-01
6.895000034570694103e-01
6.882000011205673395e-01
6.884000015258788796e-01
6.915999996662139937e-01
6.905000019073486150e-01
6.930000019073486728e-01
6.921000021696090965e-01
6.888000041246413740e-01
6.868000018596649436e-01
6.913000005483627142e-01
6.853000038862228083e-01
6.922000026702881392e-01
6.899000012874603183e-01
6.913999998569488881e-01
6.990000027418136197e-01
6.948999989032745850e-01
6.924000018835068104e-01
6.946000021696090432e-01
6.912000018358230857e-01
6.907000005245208518e-01
6.921000033617019653e-01
6.929000020027160645e-01
6.957999986410140503e-01
6.939000034332275524e-01
6.898000001907348411e-01
6.954000014066695767e-01
6.918000012636185136e-01
6.960000026226044190e-01
6.907000011205672863e-01
6.924000006914138305e-01
6.920000022649764881e-01
6.889000004529952648e-01
6.942999982833861772e-01
6.975000005960464433e-01
6.946999996900558028e-01
6.947999995946884111e-01
6.964000022411346302e-01
6.940000039339065951e-01
6.904000025987625522e-01
6.945000004768371316e-01
6.982000029087066517e-01
6.961999988555908070e-01
6.973000001907349032e-01
6.947000026702880859e-01
6.952999985218047962e-01
6.926000022888183505e-01
6.934000021219253185e-01
6.986000043153762773e-01
6.945000028610229803e-01
6.927000027894973933e-01
6.922000014781951593e-01
6.941000008583069203e-01
6.976000010967254861e-01
6.889999997615814387e-01
6.963000023365020219e-01
7.002000021934509100e-01
6.974000042676925526e-01
6.998000013828277188e-01
6.987000018358230369e-01
6.969000035524368641e-01
7.010000014305114435e-01
6.991999989748001187e-01
6.979000031948089378e-01
6.935000026226043612e-01
6.976000016927719205e-01
7.037000006437301725e-01
6.980000013113021318e-01
6.997000008821487871e-01
6.991000014543533592e-01
6.945000010728835660e-01
7.013000017404555919e-01
6.991000014543533592e-01
6.957000035047531394e-01
6.971000009775161210e-01
6.958000016212463334e-01
6.964000010490417614e-01
7.015000051259994152e-01
6.986000025272369740e-01
7.018000042438506947e-01
6.956000012159347934e-01
6.995000028610229847e-01
6.988000011444092108e-01
6.986000019311905396e-01
6.976000016927719205e-01
7.024000036716461226e-01
7.026000005006790561e-01
7.025000053644180342e-01
7.026000034809112282e-01
7.046000039577484664e-01
7.025000029802321855e-01
7.007000023126601640e-01
7.033000016212462846e-01
7.012000012397766602e-01
7.037000012397766069e-01
7.003000032901763872e-01
7.016000008583068714e-01
7.016000038385391546e-01
6.990000015497207508e-01
7.048000013828277233e-01
7.025000029802321855e-01
7.020000016689300626e-01
7.047000020742416604e-01
7.042999970912933172e-01
7.041000062227249501e-01
7.034000045061111761e-01
6.994000011682510731e-01
7.032000041007995250e-01
7.047000008821487915e-01
7.038000029325485185e-01
7.055999988317489535e-01
7.032999992370605469e-01
7.065999984741211382e-01
7.015000003576278287e-01
7.044000023603439464e-01
6.996999996900558072e-01
7.080000019073486861e-01
7.012000036239623979e-01
7.029000025987625078e-01
7.048000031709671376e-01
7.013999986648559171e-01
7.004999995231628862e-01
7.043000024557113381e-01
7.044000005722046431e-01
7.051000022888183061e-01
7.047000020742416604e-01
7.053000015020370883e-01
7.010000026226044234e-01
7.038000005483627808e-01
7.028000015020370306e-01
7.074000042676925615e-01
7.045999997854233143e-01
7.049999976158142223e-01
7.060000002384185791e-01
7.060000020265578824e-01
7.069000023603438931e-01
7.067000037431716564e-01
7.060000026226043168e-01
7.025000035762787309e-01
7.056000018119812367e-01
7.045999997854233143e-01
7.072000014781951727e-01
7.048000067472457442e-01
7.087000012397766113e-01
7.061000025272369252e-01
7.027000015974045333e-01
7.049000030755996349e-01
7.079000020027160778e-01
7.057000023126601684e-01
7.052000045776367632e-01
7.083000040054321378e-01
7.050000029802322432e-01
7.081000053882599010e-01
7.096000039577483598e-01
7.046000015735626176e-01
7.031000041961670277e-01
7.062000036239624023e-01
7.019999998807907593e-01
7.065000003576278331e-01
7.056000018119812367e-01
7.076000028848647982e-01
7.030000007152557018e-01
7.081000012159347490e-01
7.057000005245208651e-01
7.079000043869018155e-01
7.022000020742416027e-01
7.099000048637390536e-01
7.080000001192092718e-01
7.093000018596649081e-01
7.066000002622604415e-01
7.048000049591064409e-01
7.061000031232833596e-01
7.094000035524368197e-01
7.105999994277953924e-01
7.135000032186508134e-01
7.113000041246414495e-01
7.103000050783156993e-01
7.094000047445296886e-01
7.098000031709671420e-01
7.110000020265578868e-01
7.134000015258789018e-01
7.093000018596649081e-01
7.131000036001204911e-01
7.111000025272369296e-01
7.115000027418136863e-01
7.083999985456466142e-01
7.101000022888183105e-01
7.083000016212462890e-01
7.074000012874602783e-01
7.128999984264373646e-01
7.086000013351440030e-01
7.136000013351440074e-01
7.156000018119812456e-01
7.135000002384185303e-01
7.133000016212462935e-01
7.108999991416931064e-01
7.085000020265579401e-01
7.090999996662139537e-01
7.073000037670135187e-01
7.153000020980835316e-01
7.085000008344650713e-01
7.120999991893768311e-01
7.105000030994415017e-01
7.104000014066695901e-01
7.149999999999999689e-01
7.108000034093856501e-01
7.117000037431716608e-01
7.115000039339065552e-01
7.190000039339065063e-01
7.129000020027160822e-01
7.177000004053115667e-01
7.118000006675719860e-01
7.199000012874603449e-01
7.130000019073485795e-01
7.130000019073485795e-01
7.125999993085860851e-01
7.112000012397765580e-01
7.149000000953674716e-01
7.123000007867813510e-01
7.152000010013580544e-01
7.123000025749206543e-01
7.147000020742416693e-01
7.096000021696090565e-01
7.101000028848648560e-01
7.093000036478042114e-01
7.097000032663345337e-01
7.100000005960463989e-01
7.129000014066696478e-01
7.127000010013579967e-01
7.135999995470047041e-01
7.114999997615814031e-01
7.145999985933303433e-01
7.111000007390976263e-01
7.127000033855438454e-01
7.140000009536743297e-01
7.107999998331070435e-01
7.120000028610229403e-01
7.164999997615814076e-01
7.138000005483626786e-01
7.119000035524368775e-01
7.133000028133392734e-01
7.117000031471252264e-01
7.152000015974044889e-01
7.181000012159347579e-01
7.157000023126601773e-01
7.149000000953674716e-01
7.163000041246414540e-01
7.138999998569488525e-01
7.141000020503998069e-01
7.143000024557113470e-01
7.133000016212462935e-01
7.150000035762786865e-01
7.114000034332275124e-01
7.128000026941299083e-01
7.135000008344650757e-01
7.120000016689300715e-01
7.131000006198883190e-01
7.073999994993209750e-01
7.152000004053116200e-01
7.119000017642974631e-01
7.076000016927719294e-01
7.110000008344650180e-01
7.135000008344650757e-01
7.171000027656555531e-01
7.156999999284744396e-01
7.115999996662140115e-01
7.148000025749206010e-01
7.143000048398971957e-01
7.166000032424926225e-01
7.181000041961670410e-01
7.157000011205673085e-01
7.168000012636184248e-01
7.195000028610230025e-01
7.162000024318695424e-01
7.156000024080276800e-01
7.179000020027160867e-01
7.186000025272369918e-01
7.191000026464462458e-01
7.130000007152557107e-01
7.195000028610230025e-01
7.152000015974044889e-01
7.219000041484833208e-01
7.211000025272369385e-01
7.171000033617019875e-01
7.146999996900558205e-01
7.162000030279159768e-01
7.197000008821486938e-01
7.195000010728835882e-01
7.174000024795532671e-01
7.157000017166137429e-01
7.113000041246414495e-01
7.197000008821486938e-01
7.181000030040740612e-01
7.154000020027160289e-01
7.196000033617019342e-01
7.186000037193298606e-01
7.139000052213668734e-01
7.127000004053115623e-01
7.175000017881393299e-01
7.117000013589859231e-01
7.205000036954879450e-01
7.180000042915344327e-01
7.215000063180923018e-01
7.170999997854232699e-01
7.204000020027160334e-01
7.179000008106232178e-01
7.181000006198883234e-01
7.182000029087066695e-01
7.157000029087066117e-01
7.195000004768371538e-01
7.128999990224837990e-01
7.164000052213669312e-01
7.223000061511993808e-01
7.170999997854232699e-01
7.140000027418136330e-01
7.177000015974044356e-01
7.149000030755996438e-01
7.165999996662140159e-01
7.172000044584274647e-01
7.192000031471252885e-01
7.155000013113022028e-01
7.172000050544738992e-01
7.120000058412552235e-01
7.147000020742416693e-01
7.187000000476837513e-01
7.162000006437301280e-01
7.228000003099441795e-01
7.204000020027160334e-01
7.201000040769577337e-01
7.178000032901763472e-01
7.181000041961670410e-01
7.163000029325484741e-01
7.134000021219253362e-01
7.211000037193298073e-01
7.208999997377395497e-01
7.205000030994415106e-01
7.159000033140182628e-01
7.172000008821487471e-01
7.184000027179717751e-01
7.163000023365020397e-01
7.232000017166138051e-01
7.191000038385391147e-01
7.227000010013580056e-01
7.216000032424926269e-01
7.181999999284743863e-01
7.178999990224838035e-01
7.168000036478042736e-01
7.212999999523163064e-01
7.205000019073486417e-01
7.219000017642974720e-01
7.210000044107437445e-01
7.173000007867813554e-01
7.174000006914138527e-01
7.168000042438507080e-01
7.187000024318694891e-01
7.232000035047531084e-01
7.195000004768371538e-01
7.220999979972839711e-01
7.213000023365020441e-01
7.206000036001205533e-01
7.231000006198883279e-01
7.239000010490417303e-01
7.240000045299530562e-01
7.264000004529953536e-01
7.217000037431716697e-01
7.214000034332275213e-01
7.229000025987625255e-01
7.212000018358231124e-01
7.216000044345856068e-01
7.211000043153762418e-01
7.218000042438507124e-01
7.215000021457672608e-01
7.187000024318694891e-01
7.215000015497207153e-01
7.193999999761581110e-01
7.180000013113021495e-01
7.201000040769577337e-01
7.232000005245208252e-01
7.264000010490417880e-01
7.222999995946883800e-01
7.209999984502792891e-01
7.236000025272368852e-01
7.236000013351440163e-01
7.230000025033951339e-01
7.247000014781952437e-01
7.190000027418136375e-01
7.235000020265579534e-01
7.205000025033950761e-01
7.250000005960464122e-01
7.209000009298324185e-01
7.197000020742416737e-01
7.181000024080276267e-01
7.241999995708465754e-01
7.247000014781952437e-01
7.187999993562698142e-01
7.227000015974044400e-01
7.206000047922134222e-01
7.204999989271163585e-01
7.185000026226043834e-01
7.228000032901763516e-01
7.194000011682510909e-01
7.205000025033950761e-01
7.188000023365020974e-01
7.232000011205673706e-01
7.266999989748000877e-01
7.263000005483627453e-01
7.276000010967255127e-01
7.243000006675720526e-01
7.209000033140182673e-01
7.212000000476836981e-01
7.198000025749206054e-01
7.237000018358230591e-01
7.230000042915344372e-01
7.213000017404556097e-01
7.217000019550323664e-01
7.260000026226043346e-01
7.191999995708465709e-01
7.200999987125397128e-01
7.237000018358230591e-01
7.248999989032745006e-01
7.224000006914138572e-01
7.245000022649764615e-01
7.270000004768371049e-01
7.260000026226043346e-01
7.261999994516372681e-01
7.242999994754790727e-01
7.270000010728836504e-01
7.223000019788742287e-01
7.259000015258788574e-01
7.231000024080276312e-01
7.193000000715256137e-01
7.257000017166137518e-01
7.273000025749206676e-01
7.254000008106231689e-01
7.254999983310699285e-01
7.217000013589859320e-01
7.207000023126601818e-01
7.238000035285949707e-01
7.227000004053115711e-01
7.256000018119812545e-01
7.284000021219253496e-01
7.270000022649765192e-01
7.287999975681305198e-01
7.269000035524367798e-01
7.241000008583068359e-01
7.295000004768371626e-01
7.270000022649765192e-01
7.271999996900558871e-01
7.257000005245208829e-01
7.282000017166138095e-01
7.265000003576278509e-01
7.268000000715255648e-01
7.227000015974044400e-01
7.263000023365020485e-01
7.251000022888183238e-01
7.193999987840652421e-01
7.240999996662139671e-01
7.257000029087066206e-01
7.266000008583068936e-01
7.233000016212463024e-01
7.284000009298324807e-01
7.281999993324279608e-01
7.291000050306319924e-01
7.230000036954880027e-01
7.237000036239623624e-01
7.244000011682509843e-01
7.307000005245208873e-01
7.256999987363815796e-01
7.243000030517577903e-01
7.236000007390975819e-01
7.247000008821486983e-01
7.227000004053115711e-01
7.229000002145766768e-01
7.234000003337860418e-01
7.260000002384185969e-01
7.227000010013580056e-01
7.264999997615814165e-01
7.290000015497207775e-01
7.245999997854233321e-01
7.230000036954880027e-01
7.241000008583068359e-01
7.250000011920928467e-01
7.277000051736831621e-01
7.216999983787536488e-01
7.289000010490417347e-01
7.288000011444091264e-01
7.254000014066696034e-01
7.285000014305115235e-01
7.264999997615814165e-01
7.277000021934508789e-01
7.300999981164931762e-01
7.264000022411346569e-01
7.288000023365021063e-01
7.258999997377395541e-01
7.262999981641768965e-01
7.266000008583068936e-01
7.286000013351440208e-01
7.277000027894974243e-01
7.250000011920928467e-01
7.282000029087066784e-01
7.261000031232833773e-01
7.290000051259994951e-01
7.266000044345856113e-01
7.235000026226043879e-01
7.242000019550323131e-01
7.272000014781951904e-01
7.305000030994415194e-01
7.243000024557113559e-01
7.243000030517577903e-01
7.262000030279159857e-01
7.292999994754790771e-01
7.272999989986419500e-01
7.262000006437301369e-01
7.282000023126602439e-01
7.318000018596648726e-01
7.296000003814697710e-01
7.279000008106231157e-01
7.264000028371810913e-01
7.272999989986419500e-01
7.267000007629395020e-01
7.299000036716460915e-01
7.238000029325485363e-01
7.305000025033950850e-01
7.239999991655349243e-01
7.306000036001205622e-01
7.283000028133392867e-01
7.219000023603439065e-01
7.256000030040741233e-01
7.282000017166138095e-01
7.281000041961669389e-01
7.253000038862228438e-01
7.311999964714049893e-01
7.256999981403350342e-01
7.326000028848648205e-01
7.263999986648559393e-01
7.274000042676925792e-01
7.311000007390976441e-01
7.280000001192092896e-01
7.299000036716460915e-01
7.284000009298324807e-01
7.281000024080276356e-01
7.302000039815902399e-01
7.293000018596649259e-01
7.331999999284743996e-01
7.323000037670135409e-01
7.304000002145767390e-01
7.284000009298324807e-01
7.286000019311904552e-01
7.262000018358230058e-01
7.252000039815902355e-01
7.275000017881393388e-01
7.290000015497207775e-01
7.306000030040741278e-01
7.335000026226043968e-01
7.295000022649764659e-01
7.346000027656555131e-01
7.288000011444091264e-01
7.294000029563904031e-01
7.280000019073485928e-01
7.330000013113021629e-01
7.266000062227249146e-01
7.279000037908553988e-01
7.303000009059905651e-01
7.268000048398971513e-01
7.347000020742416870e-01
7.319000005722046120e-01
7.330000036954880116e-01
7.338000023365021107e-01
7.320999997854232832e-01
7.299000018835067882e-01
7.338999980688094560e-01
7.348000019788741843e-01
7.310000026226043390e-01
7.346000045537948164e-01
7.358000016212463690e-01
7.293000018596649259e-01
7.301000022888183283e-01
7.347000002861022727e-01
7.319999998807906749e-01
7.292000007629394487e-01
7.253000044822692782e-01
7.352000010013580722e-01
7.319000017642974809e-01
7.319000047445297641e-01
7.289000016450881692e-01
7.316000020503997670e-01
7.306000000238418446e-01
7.311000007390976441e-01
7.380000025033950362e-01
7.342000019550323220e-01
7.336999988555907848e-01
7.296000033617019431e-01
7.323000025749206721e-01
7.330000025033950317e-01
7.344000035524368419e-01
7.252000021934509322e-01
7.297000038623809859e-01
7.318999999761581776e-01
7.321000003814697177e-01
7.281999999284743952e-01
7.313000023365020530e-01
7.321000015735625865e-01
7.322000020742416293e-01
7.289000016450881692e-01
7.345999997854232300e-01
7.305000013113022161e-01
7.292999994754790771e-01
7.301000022888183283e-01
7.310000026226043390e-01
7.340999990701675415e-01
7.332000029087066828e-01
7.368999993801117476e-01
7.338000011444091308e-01
7.285000008344649780e-01
7.330000030994415772e-01
7.326000010967255172e-01
7.285000032186508268e-01
7.291000044345855580e-01
7.246000009775162010e-01
7.312999987602233354e-01
7.275000029802322077e-01
7.323000025749206721e-01
7.329000008106231201e-01
7.306000012159347134e-01
7.304000025987624767e-01
7.314000040292739646e-01
7.285000038146972612e-01
7.322000014781951949e-01
7.329000025987625344e-01
7.341000044345855624e-01
7.331000030040740745e-01
7.352999997138977006e-01
7.355000019073486550e-01
7.349000006914139238e-01
7.342000025510787564e-01
7.313000023365020530e-01
7.328000015020370572e-01
7.385000050067901389e-01
7.307000041007996050e-01
7.358000022172928034e-01
7.345000034570694503e-01
7.341000008583068448e-01
7.349999999999999867e-01
7.341000014543532792e-01
7.369000017642974854e-01
7.328000003099441884e-01
7.320000022649765237e-01
7.336000001430511563e-01
7.349000042676925304e-01
7.364000010490417969e-01
7.357000017166137606e-01
7.319000011682510465e-01
7.334000009298324851e-01
7.303000009059905651e-01
7.360000038146972123e-01
7.330000007152557284e-01
