9.014426673172412641e-02 9.025723493175087653e-02 2.839999999999999747e-01 2.680000000000000160e-01
8.877140879116186822e-02 8.870850574615414541e-02 3.965000000000000191e-01 3.880000000000000115e-01
8.423077819594354532e-02 8.432755487113667570e-02 5.240000000000000213e-01 4.979999999999999982e-01
7.523716104694158635e-02 7.517874744644192919e-02 6.594999999999999751e-01 6.480000000000000204e-01
6.579880847408518807e-02 6.646892333162089661e-02 6.199999999999999956e-01 6.019999999999999796e-01
6.026499114129094115e-02 6.126046782099555527e-02 6.660000000000000364e-01 6.620000000000000329e-01
5.633923006122067839e-02 5.703459416885323097e-02 6.710000000000000409e-01 6.740000000000000435e-01
5.186173573349966287e-02 5.348070559582588507e-02 6.484999999999999654e-01 6.410000000000000142e-01
4.559948699790317833e-02 4.735622220873317301e-02 7.129999999999999671e-01 6.939999999999999503e-01
4.392350684432171082e-02 4.608319837866932389e-02 7.325000000000000400e-01 7.019999999999999574e-01
4.388580093457337267e-02 4.552737199527980699e-02 7.005000000000000115e-01 6.879999999999999449e-01
4.044492666429949645e-02 4.275969349046236656e-02 7.225000000000000311e-01 7.209999999999999742e-01
4.094859669269772934e-02 4.310854123866655202e-02 7.435000000000000497e-01 7.259999999999999787e-01
3.907829914740553606e-02 4.204815120236540804e-02 7.395000000000000462e-01 7.219999999999999751e-01
3.817622181624132083e-02 4.165038588118193108e-02 7.504999999999999449e-01 7.189999999999999725e-01
3.752394192240673249e-02 4.081886701196823369e-02 7.550000000000000044e-01 7.429999999999999938e-01
3.879272973291814086e-02 4.219688804667688642e-02 7.604999999999999538e-01 7.389999999999999902e-01
3.855066221801304455e-02 4.238176456718716761e-02 7.714999999999999636e-01 7.389999999999999902e-01
3.489486899373726858e-02 3.857002774517138965e-02 7.690000000000000169e-01 7.510000000000000009e-01
3.962295677516038811e-02 4.370956418577660180e-02 7.325000000000000400e-01 7.099999999999999645e-01
3.270121000971167036e-02 3.652190243150770649e-02 7.900000000000000355e-01 7.570000000000000062e-01
3.189094998918025337e-02 3.600930116454479496e-02 7.890000000000000346e-01 7.690000000000000169e-01
3.479264566291793981e-02 3.910459134592743358e-02 7.854999999999999760e-01 7.510000000000000009e-01
3.463330835752380377e-02 3.885459919991317290e-02 7.700000000000000178e-01 7.409999999999999920e-01
3.333561623700984772e-02 3.750806440619704196e-02 7.784999999999999698e-01 7.449999999999999956e-01
3.158498391461541516e-02 3.674401677471952204e-02 8.054999999999999938e-01 7.520000000000000018e-01
2.988219289512960425e-02 3.509482346540597486e-02 8.125000000000000000e-01 7.620000000000000107e-01
3.014987948728515416e-02 3.523836647634555341e-02 8.090000000000000524e-01 7.640000000000000124e-01
3.080778055058431761e-02 3.645864283666353650e-02 8.064999999999999947e-01 7.560000000000000053e-01
3.061803111415319426e-02 3.591245816687822084e-02 7.940000000000000391e-01 7.620000000000000107e-01
3.093820439123999913e-02 3.637802452558852595e-02 7.990000000000000435e-01 7.620000000000000107e-01
2.984563129986995619e-02 3.567268277874779958e-02 8.129999999999999449e-01 7.760000000000000231e-01
2.926008647311989508e-02 3.441973999761584191e-02 8.040000000000000480e-01 7.590000000000000080e-01
2.837027333953679939e-02 3.395208577787289794e-02 8.165000000000000036e-01 7.700000000000000178e-01
2.851080038172120953e-02 3.444051786185096942e-02 8.139999999999999458e-01 7.720000000000000195e-01
3.611851560742812550e-02 4.072235733682019743e-02 7.970000000000000417e-01 7.530000000000000027e-01
2.929408492044324394e-02 3.484468440908240067e-02 8.145000000000000018e-01 7.660000000000000142e-01
3.012222783862217659e-02 3.583743823816703394e-02 8.259999999999999565e-01 7.810000000000000275e-01
2.817689572035213946e-02 3.444548072415724166e-02 8.209999999999999520e-01 7.800000000000000266e-01
2.747770576774117776e-02 3.401124159947421788e-02 8.369999999999999662e-01 7.810000000000000275e-01
2.910332027925522855e-02 3.517086420843387740e-02 8.209999999999999520e-01 7.790000000000000258e-01
2.939472482426782121e-02 3.563843293820869590e-02 8.100000000000000533e-01 7.710000000000000187e-01
2.849634241530527717e-02 3.434382386636701534e-02 8.114999999999999991e-01 7.690000000000000169e-01
2.863985601573272241e-02 3.464365483042848581e-02 8.239999999999999547e-01 7.750000000000000222e-01
2.625057384452753745e-02 3.245447779783787456e-02 8.289999999999999591e-01 7.850000000000000311e-01
2.763438704718552269e-02 3.426127225136340465e-02 8.259999999999999565e-01 7.780000000000000249e-01
2.556855466457294557e-02 3.206260214185745888e-02 8.445000000000000284e-01 7.860000000000000320e-01
2.543853500981263158e-02 3.206402473464089325e-02 8.459999999999999742e-01 7.930000000000000382e-01
2.618479935711762879e-02 3.293159590540657017e-02 8.375000000000000222e-01 7.860000000000000320e-01
2.544844156944074676e-02 3.242843449745293205e-02 8.435000000000000275e-01 7.840000000000000302e-01
2.548835083036431540e-02 3.232004449528970424e-02 8.379999999999999671e-01 7.850000000000000311e-01
2.635073038141068705e-02 3.288033371815862749e-02 8.195000000000000062e-01 7.800000000000000266e-01
2.477347572585833144e-02 3.133213092807676792e-02 8.379999999999999671e-01 7.940000000000000391e-01
2.646640745214468710e-02 3.341264318380430393e-02 8.295000000000000151e-01 7.720000000000000195e-01
2.632120869410183722e-02 3.354949894308864589e-02 8.409999999999999698e-01 7.820000000000000284e-01
2.500652175356565463e-02 3.239729023986201439e-02 8.385000000000000231e-01 7.800000000000000266e-01
2.440133975800380314e-02 3.178354815275670486e-02 8.409999999999999698e-01 7.940000000000000391e-01
2.430402784033604963e-02 3.193830754035135999e-02 8.525000000000000355e-01 7.950000000000000400e-01
2.573022223702674249e-02 3.288771921417209254e-02 8.359999999999999654e-01 7.860000000000000320e-01
2.532954631378535326e-02 3.208124356533011146e-02 8.355000000000000204e-01 7.900000000000000355e-01
2.462102267688981092e-02 3.218856257721334352e-02 8.489999999999999769e-01 7.840000000000000302e-01
2.611379770331687805e-02 3.327865744745694965e-02 8.355000000000000204e-01 7.810000000000000275e-01
2.609060873314528531e-02 3.406817305855475847e-02 8.419999999999999707e-01 7.890000000000000346e-01
2.437788101887185255e-02 3.215667500566311149e-02 8.455000000000000293e-01 7.930000000000000382e-01
2.362109221284744084e-02 3.084944823055961807e-02 8.545000000000000373e-01 7.980000000000000426e-01
2.404493030930014014e-02 3.165869281650226380e-02 8.509999999999999787e-01 7.880000000000000338e-01
2.289605250445693810e-02 3.032332585966649938e-02 8.575000000000000400e-01 7.980000000000000426e-01
2.361268601467625752e-02 3.097407539743654917e-02 8.485000000000000320e-01 7.910000000000000364e-01
2.680804013958274293e-02 3.357487216755924986e-02 8.235000000000000098e-01 7.740000000000000213e-01
2.359145455483034268e-02 3.140005308644872734e-02 8.555000000000000382e-01 8.060000000000000497e-01
2.358250898837263229e-02 3.158935769952776057e-02 8.565000000000000391e-01 7.970000000000000417e-01
2.411349699559411225e-02 3.152547036284725213e-02 8.545000000000000373e-01 7.960000000000000409e-01
2.477081277286060160e-02 3.271382257634822960e-02 8.485000000000000320e-01 8.010000000000000453e-01
2.286279648123108743e-02 3.082813481024816726e-02 8.579999999999999849e-01 8.060000000000000497e-01
2.244671875786180201e-02 2.971879564580722638e-02 8.555000000000000382e-01 7.960000000000000409e-01
2.255219180761071016e-02 3.043003429650019756e-02 8.485000000000000320e-01 7.930000000000000382e-01
2.449938673015045892e-02 3.143575471603751031e-02 8.485000000000000320e-01 7.920000000000000373e-01
2.323413327884826449e-02 3.097421654960451007e-02 8.555000000000000382e-01 7.970000000000000417e-01
2.353036572085636519e-02 3.104199681392739649e-02 8.515000000000000346e-01 8.000000000000000444e-01
2.576868183294893713e-02 3.302178417786349324e-02 8.225000000000000089e-01 7.800000000000000266e-01
2.413838262129373510e-02 3.206930456868022083e-02 8.469999999999999751e-01 7.960000000000000409e-01
2.230869294714947840e-02 3.110225644137472670e-02 8.605000000000000426e-01 7.950000000000000400e-01
2.228781847615330866e-02 3.078828152633558343e-02 8.619999999999999885e-01 8.010000000000000453e-01
2.377779250771209704e-02 3.126651692398653426e-02 8.479999999999999760e-01 7.900000000000000355e-01
2.315201664573325602e-02 3.084309366566503896e-02 8.479999999999999760e-01 7.960000000000000409e-01
2.252485320821140044e-02 3.025268896704520760e-02 8.569999999999999840e-01 8.040000000000000480e-01
2.145965646683817285e-02 2.979446300876586670e-02 8.665000000000000480e-01 8.000000000000000444e-01
2.439935366585261126e-02 3.184144850682503469e-02 8.469999999999999751e-01 8.020000000000000462e-01
2.195723588826839837e-02 2.992005252901422038e-02 8.519999999999999796e-01 8.090000000000000524e-01
2.244120084340054180e-02 3.053556280943392834e-02 8.575000000000000400e-01 8.090000000000000524e-01
2.229143217830462445e-02 3.015392494580257723e-02 8.505000000000000338e-01 7.960000000000000409e-01
2.206078204670026272e-02 3.091323532138123484e-02 8.685000000000000497e-01 8.020000000000000462e-01
2.211774304359449828e-02 2.991573806401186253e-02 8.569999999999999840e-01 8.030000000000000471e-01
2.180427078639243788e-02 2.992738296738959441e-02 8.595000000000000417e-01 7.950000000000000400e-01
2.167265201146119716e-02 2.958469955311225641e-02 8.599999999999999867e-01 8.090000000000000524e-01
2.144082047870365937e-02 3.017996554424315012e-02 8.589999999999999858e-01 7.970000000000000417e-01
2.074635392972593376e-02 2.940635132970017065e-02 8.669999999999999929e-01 8.060000000000000497e-01
2.157898816926235794e-02 2.976706861876254537e-02 8.665000000000000480e-01 8.139999999999999458e-01
2.140411297024008216e-02 3.016306449379746457e-02 8.649999999999999911e-01 8.070000000000000506e-01
2.138763392413884495e-02 2.976075154375914730e-02 8.685000000000000497e-01 8.060000000000000497e-01
2.198716397194280456e-02 3.043895538218041597e-02 8.625000000000000444e-01 7.960000000000000409e-01
2.230712231474327872e-02 3.074081474832418212e-02 8.649999999999999911e-01 8.030000000000000471e-01
2.181376025894846138e-02 3.048908362000794792e-02 8.615000000000000435e-01 8.000000000000000444e-01
2.092375341672478295e-02 2.954078408030937769e-02 8.665000000000000480e-01 7.980000000000000426e-01
2.094605481298608338e-02 2.990616788981071902e-02 8.719999999999999973e-01 8.000000000000000444e-01
2.046083601705103033e-02 2.958757657690367845e-02 8.689999999999999947e-01 8.060000000000000497e-01
2.044045532596681231e-02 3.016989462740485642e-02 8.784999999999999476e-01 8.060000000000000497e-01
2.159808550704441291e-02 3.049943860609840782e-02 8.639999999999999902e-01 7.900000000000000355e-01
2.248026406865001603e-02 3.144251782974278459e-02 8.525000000000000355e-01 8.010000000000000453e-01
2.120243709822852360e-02 3.008378207337203750e-02 8.629999999999999893e-01 7.950000000000000400e-01
2.044767878787166412e-02 2.949198229292429585e-02 8.729999999999999982e-01 8.050000000000000488e-01
2.004944641505758754e-02 2.947793139227432996e-02 8.709999999999999964e-01 7.940000000000000391e-01
1.973901253559852062e-02 2.907065570520843065e-02 8.745000000000000551e-01 8.050000000000000488e-01
2.062403183970824491e-02 2.995580930399899602e-02 8.719999999999999973e-01 7.950000000000000400e-01
1.964895253977446549e-02 2.885564586425994060e-02 8.745000000000000551e-01 8.110000000000000542e-01
2.056044324088023359e-02 2.976418471513892286e-02 8.709999999999999964e-01 8.030000000000000471e-01
2.088190476306379939e-02 2.926561936544234271e-02 8.619999999999999885e-01 8.030000000000000471e-01
2.078251650538156386e-02 2.973549550670073413e-02 8.609999999999999876e-01 8.020000000000000462e-01
2.049860774969815280e-02 2.951092831460195437e-02 8.709999999999999964e-01 8.070000000000000506e-01
1.919724229648515218e-02 2.864426319630819159e-02 8.790000000000000036e-01 8.159999999999999476e-01
2.058834861273480671e-02 2.970527780244529639e-02 8.665000000000000480e-01 8.000000000000000444e-01
2.001738236438708671e-02 2.909476439684900023e-02 8.649999999999999911e-01 8.090000000000000524e-01
2.011483826199249314e-02 2.964066683309424591e-02 8.739999999999999991e-01 8.129999999999999449e-01
1.998163695100229828e-02 2.941379343859679835e-02 8.705000000000000515e-01 8.060000000000000497e-01
1.977617328106778816e-02 2.921392147735920805e-02 8.735000000000000542e-01 8.050000000000000488e-01
1.947658383235563104e-02 2.914698109068990586e-02 8.804999999999999494e-01 8.159999999999999476e-01
1.983193415901083126e-02 2.965776129954288132e-02 8.725000000000000533e-01 7.930000000000000382e-01
2.028783490182032440e-02 2.942547222272219598e-02 8.715000000000000524e-01 8.090000000000000524e-01
1.897396138191720025e-02 2.886461618165716420e-02 8.790000000000000036e-01 8.129999999999999449e-01
2.088618385146689960e-02 3.057706324544561677e-02 8.695000000000000506e-01 7.920000000000000373e-01
1.926917804182132210e-02 2.810504450461362436e-02 8.745000000000000551e-01 8.129999999999999449e-01
2.033266340449093809e-02 2.993462420354737683e-02 8.675000000000000488e-01 8.020000000000000462e-01
2.171812673815446196e-02 3.102885185217766489e-02 8.639999999999999902e-01 8.050000000000000488e-01
2.055670135491877507e-02 3.092650344258893180e-02 8.770000000000000018e-01 7.970000000000000417e-01
1.978050158888416954e-02 3.014291860242667570e-02 8.719999999999999973e-01 8.020000000000000462e-01
2.154777286755432675e-02 3.130070276662232087e-02 8.675000000000000488e-01 7.990000000000000435e-01
1.882686249725133362e-02 2.892186009013801226e-02 8.810000000000000053e-01 8.050000000000000488e-01
1.851069268483327215e-02 2.837301468731748613e-02 8.794999999999999485e-01 8.070000000000000506e-01
1.939955923876092794e-02 2.936380673049951082e-02 8.739999999999999991e-01 7.950000000000000400e-01
2.195847682430074679e-02 3.139467080710146157e-02 8.505000000000000338e-01 7.890000000000000346e-01
1.932735571673364905e-02 2.934790246700974894e-02 8.754999999999999449e-01 8.010000000000000453e-01
1.828389111060300942e-02 2.838592192916169002e-02 8.770000000000000018e-01 8.100000000000000533e-01
1.869894588844125613e-02 2.874228480058431054e-02 8.784999999999999476e-01 8.209999999999999520e-01
1.940740376729664998e-02 2.909049370501787593e-02 8.790000000000000036e-01 8.080000000000000515e-01
1.951491452859837814e-02 2.924480458308067327e-02 8.735000000000000542e-01 8.139999999999999458e-01
1.926122900650240749e-02 2.921873592647477799e-02 8.764999999999999458e-01 8.090000000000000524e-01
1.794310071330480413e-02 2.780352419723875618e-02 8.824999999999999512e-01 8.129999999999999449e-01
1.920067684704486119e-02 2.879006426993765966e-02 8.764999999999999458e-01 8.100000000000000533e-01
1.919303846931022864e-02 2.903862530117131205e-02 8.804999999999999494e-01 8.090000000000000524e-01
1.913382668104384940e-02 2.901276469637842359e-02 8.774999999999999467e-01 8.010000000000000453e-01
1.918226424265652083e-02 2.877663053458244871e-02 8.754999999999999449e-01 8.279999999999999583e-01
1.879371029130157481e-02 2.887025493467956089e-02 8.810000000000000053e-01 8.110000000000000542e-01
1.987545249530248831e-02 3.013140995086559942e-02 8.790000000000000036e-01 8.100000000000000533e-01
1.777941493171284609e-02 2.790545083252009284e-02 8.840000000000000080e-01 8.209999999999999520e-01
1.737563393263355863e-02 2.758487099789547897e-02 8.854999999999999538e-01 8.169999999999999485e-01
1.873432204124497041e-02 2.858725818372504293e-02 8.834999999999999520e-01 8.169999999999999485e-01
1.820432655731361524e-02 2.866819089045641658e-02 8.854999999999999538e-01 8.070000000000000506e-01
1.847271778567561445e-02 2.850721323776098104e-02 8.784999999999999476e-01 8.159999999999999476e-01
1.846232265686235940e-02 2.848624313185663462e-02 8.820000000000000062e-01 8.100000000000000533e-01
1.771203423910583732e-02 2.776060515740908299e-02 8.864999999999999547e-01 8.159999999999999476e-01
1.803856245578506351e-02 2.887303850204422234e-02 8.840000000000000080e-01 8.070000000000000506e-01
2.181757951700220161e-02 3.252800025402712708e-02 8.790000000000000036e-01 8.100000000000000533e-01
1.761449133990714011e-02 2.846642444622002679e-02 8.904999999999999583e-01 8.090000000000000524e-01
1.812896181475243118e-02 2.834689336625093037e-02 8.820000000000000062e-01 8.110000000000000542e-01
1.830079352617648009e-02 2.935046601645825703e-02 8.910000000000000142e-01 8.169999999999999485e-01
1.864295726016672317e-02 2.971207787871417080e-02 8.794999999999999485e-01 8.020000000000000462e-01
1.799930898686582029e-02 2.872072661120062681e-02 8.864999999999999547e-01 8.100000000000000533e-01
1.832039219152623369e-02 2.876156911801948032e-02 8.854999999999999538e-01 8.139999999999999458e-01
1.780179954493937497e-02 2.909463600261432900e-02 8.904999999999999583e-01 8.129999999999999449e-01
1.862939385412468174e-02 2.990967428479703039e-02 8.890000000000000124e-01 8.050000000000000488e-01
1.842869887114458385e-02 2.905056878380950572e-02 8.880000000000000115e-01 8.139999999999999458e-01
1.787510152766172769e-02 2.901346245028944490e-02 8.870000000000000107e-01 8.000000000000000444e-01
1.843154284694146355e-02 2.898114367823184309e-02 8.794999999999999485e-01 8.120000000000000551e-01
1.874541570230587109e-02 2.954412136082224666e-02 8.834999999999999520e-01 8.110000000000000542e-01
2.237567334081146109e-02 3.247669917234931314e-02 8.529999999999999805e-01 7.890000000000000346e-01
1.772267534273265499e-02 2.793926490823029143e-02 8.784999999999999476e-01 8.070000000000000506e-01
1.784168144675465917e-02 2.849306925193578754e-02 8.810000000000000053e-01 8.040000000000000480e-01
1.837002102121054400e-02 2.942069437085328976e-02 8.844999999999999529e-01 8.000000000000000444e-01
2.064203408073472454e-02 3.129130678845980229e-02 8.699999999999999956e-01 7.960000000000000409e-01
1.762999177413016039e-02 2.803671675611475386e-02 8.864999999999999547e-01 8.110000000000000542e-01
1.810410252371530068e-02 2.888285702106775307e-02 8.854999999999999538e-01 8.219999999999999529e-01
1.752775597149417580e-02 2.877335410713169339e-02 8.890000000000000124e-01 8.169999999999999485e-01
1.709544747791822555e-02 2.802233280816723848e-02 8.884999999999999565e-01 8.139999999999999458e-01
1.641946909543194263e-02 2.737190603893039503e-02 8.954999999999999627e-01 8.189999999999999503e-01
1.842563477489967544e-02 2.932019672200683602e-02 8.810000000000000053e-01 8.159999999999999476e-01
1.682992037972109306e-02 2.761348753911013407e-02 8.954999999999999627e-01 8.199999999999999512e-01
1.686128547186881849e-02 2.756655070188955906e-02 8.934999999999999609e-01 8.159999999999999476e-01
1.865361375263610566e-02 2.958240541749615829e-02 8.790000000000000036e-01 8.129999999999999449e-01
1.739195169819050812e-02 2.809909641394065655e-02 8.950000000000000178e-01 8.299999999999999600e-01
1.683786825801246792e-02 2.790056814577932323e-02 8.940000000000000169e-01 8.229999999999999538e-01
1.707963577005544228e-02 2.840791421697650213e-02 8.934999999999999609e-01 8.149999999999999467e-01
1.695842231203392725e-02 2.838498060824609301e-02 8.900000000000000133e-01 8.249999999999999556e-01
1.684957872101660800e-02 2.834651098475085909e-02 8.924999999999999600e-01 8.149999999999999467e-01
1.730731292286440820e-02 2.904361762025097285e-02 8.910000000000000142e-01 8.120000000000000551e-01
1.756903441860453025e-02 2.804242427022014816e-02 8.854999999999999538e-01 8.129999999999999449e-01
1.788005558902799885e-02 2.963491677389416823e-02 8.920000000000000151e-01 8.139999999999999458e-01
1.745361526440677644e-02 2.937039709822538563e-02 8.904999999999999583e-01 8.139999999999999458e-01
1.647439904069364358e-02 2.807588226741114523e-02 8.900000000000000133e-01 8.159999999999999476e-01
1.723041878019351131e-02 2.854518069650404874e-02 8.930000000000000160e-01 8.129999999999999449e-01
1.744362148453907843e-02 2.874896348414486547e-02 8.844999999999999529e-01 8.110000000000000542e-01
1.789819885095906421e-02 2.924255520340060879e-02 8.934999999999999609e-01 8.139999999999999458e-01
1.688131782334826095e-02 2.860524786469280725e-02 8.934999999999999609e-01 8.189999999999999503e-01
1.628551896041963848e-02 2.831622684277022156e-02 8.964999999999999636e-01 8.110000000000000542e-01
1.700979743901140720e-02 2.881817892680390431e-02 8.960000000000000187e-01 8.179999999999999494e-01
1.598786871717382610e-02 2.775184363722091666e-02 8.970000000000000195e-01 8.179999999999999494e-01
1.734830996938479739e-02 2.918692739758089322e-02 8.894999999999999574e-01 8.100000000000000533e-01
1.705872863406003581e-02 2.856246075576830343e-02 8.884999999999999565e-01 8.169999999999999485e-01
1.589177181413605616e-02 2.761816819573320592e-02 8.960000000000000187e-01 8.249999999999999556e-01
1.624658019691748237e-02 2.751903106032739868e-02 8.910000000000000142e-01 8.189999999999999503e-01
1.692869836074162998e-02 2.850561142567095349e-02 8.990000000000000213e-01 8.159999999999999476e-01
1.621644933025355104e-02 2.766475368162545426e-02 8.950000000000000178e-01 8.199999999999999512e-01
1.745355145334125807e-02 2.917108828108970486e-02 8.894999999999999574e-01 8.189999999999999503e-01
1.580185911171980845e-02 2.745894683644260759e-02 8.994999999999999662e-01 8.080000000000000515e-01
1.632107421732523905e-02 2.850959932807340183e-02 9.010000000000000231e-01 8.189999999999999503e-01
1.714538877098946423e-02 2.898500615397614499e-02 8.934999999999999609e-01 8.090000000000000524e-01
1.602276215070628715e-02 2.810378725450361770e-02 8.974999999999999645e-01 8.110000000000000542e-01
1.629108741439888597e-02 2.822357219883782700e-02 8.934999999999999609e-01 8.110000000000000542e-01
1.553476973792489862e-02 2.722289451556034537e-02 9.020000000000000240e-01 8.219999999999999529e-01
1.625204594858011692e-02 2.800372613429698981e-02 8.914999999999999591e-01 8.110000000000000542e-01
1.567523569345604870e-02 2.754576328460003540e-02 8.990000000000000213e-01 8.219999999999999529e-01
1.636501246682653746e-02 2.846420524822506834e-02 9.004999999999999671e-01 8.179999999999999494e-01
1.596289734358635054e-02 2.715857587124756445e-02 8.970000000000000195e-01 8.259999999999999565e-01
1.714258854525843589e-02 2.896535873087560664e-02 8.920000000000000151e-01 8.110000000000000542e-01
1.548895397987089077e-02 2.760034046814379902e-02 8.974999999999999645e-01 8.169999999999999485e-01
1.668622545013033823e-02 2.841798793211911672e-02 8.914999999999999591e-01 8.169999999999999485e-01
1.618498571557823104e-02 2.774443713326690472e-02 8.984999999999999654e-01 8.209999999999999520e-01
1.730605111845702482e-02 2.950952188613109595e-02 8.864999999999999547e-01 8.050000000000000488e-01
1.748231439274315971e-02 2.952077615877127942e-02 8.944999999999999618e-01 8.120000000000000551e-01
1.816235510307504311e-02 2.926994888735892295e-02 8.794999999999999485e-01 8.139999999999999458e-01
1.660174500550941346e-02 2.874458473532556443e-02 8.980000000000000204e-01 8.199999999999999512e-01
1.560189264436386350e-02 2.778806706841502328e-02 9.020000000000000240e-01 8.249999999999999556e-01
1.633726629390864701e-02 2.899459462212567937e-02 8.994999999999999662e-01 8.139999999999999458e-01
1.599152913536768320e-02 2.820955259787200423e-02 8.970000000000000195e-01 8.149999999999999467e-01
1.702769003347862770e-02 2.907070752517409290e-02 8.904999999999999583e-01 8.090000000000000524e-01
1.601442911082592846e-02 2.811048462034043335e-02 8.964999999999999636e-01 8.169999999999999485e-01
1.673833791788282080e-02 2.888115145268370723e-02 8.944999999999999618e-01 8.129999999999999449e-01
1.647745285710523755e-02 2.835700184283140163e-02 8.964999999999999636e-01 8.199999999999999512e-01
1.517693974710317140e-02 2.748574604240518540e-02 9.030000000000000249e-01 8.199999999999999512e-01
1.566699439764869528e-02 2.858024770978705512e-02 9.044999999999999707e-01 8.100000000000000533e-01
1.511054826618106646e-02 2.767699518117628515e-02 9.000000000000000222e-01 8.209999999999999520e-01
1.650647523785190446e-02 2.893035555430961345e-02 8.924999999999999600e-01 8.179999999999999494e-01
1.819932570294174531e-02 2.992188913808392983e-02 8.794999999999999485e-01 8.030000000000000471e-01
1.517893788240143316e-02 2.746302109521506218e-02 8.984999999999999654e-01 8.199999999999999512e-01
1.568156202625270793e-02 2.757797582385330612e-02 9.000000000000000222e-01 8.149999999999999467e-01
1.549384791037843392e-02 2.716483375051571489e-02 8.974999999999999645e-01 8.229999999999999538e-01
1.545026329403132240e-02 2.784680613350011547e-02 9.044999999999999707e-01 8.199999999999999512e-01
1.616463847754228203e-02 2.814362705053417846e-02 8.960000000000000187e-01 8.149999999999999467e-01
1.486171859941839805e-02 2.722981355288216568e-02 9.070000000000000284e-01 8.279999999999999583e-01
1.555828745706068841e-02 2.752003309553812185e-02 8.970000000000000195e-01 8.179999999999999494e-01
1.613080089637945747e-02 2.835475524050828575e-02 8.914999999999999591e-01 8.110000000000000542e-01
1.690222780572619987e-02 2.989521569733486622e-02 8.994999999999999662e-01 8.110000000000000542e-01
1.518876518428573935e-02 2.799278141524916275e-02 9.060000000000000275e-01 8.139999999999999458e-01
1.520987607120375708e-02 2.743882649214872405e-02 9.090000000000000302e-01 8.199999999999999512e-01
1.514962730623476903e-02 2.737005788804414835e-02 9.080000000000000293e-01 8.309999999999999609e-01
1.657602104981149849e-02 2.884857296826401005e-02 8.970000000000000195e-01 8.149999999999999467e-01
1.481863835264876465e-02 2.720856364176358483e-02 9.070000000000000284e-01 8.269999999999999574e-01
1.516893127886058401e-02 2.718290397869404726e-02 9.054999999999999716e-01 8.339999999999999636e-01
1.489117673232269456e-02 2.719133385866978614e-02 9.040000000000000258e-01 8.209999999999999520e-01
1.487789457621704024e-02 2.718813541311891277e-02 9.034999999999999698e-01 8.299999999999999600e-01
1.694663858521223976e-02 2.878786912401033043e-02 8.860000000000000098e-01 8.159999999999999476e-01
1.551351174884329880e-02 2.801771653341042501e-02 9.000000000000000222e-01 8.229999999999999538e-01
1.590880082912116134e-02 2.855903778361794723e-02 8.990000000000000213e-01 8.159999999999999476e-01
1.503445827635001633e-02 2.743086079676543276e-02 9.084999999999999742e-01 8.219999999999999529e-01
1.684059418966629001e-02 2.913259608530162706e-02 8.874999999999999556e-01 8.149999999999999467e-01
1.545054260625361789e-02 2.844180383020232170e-02 9.064999999999999725e-01 8.209999999999999520e-01
1.464570115118330601e-02 2.729766468830593928e-02 9.010000000000000231e-01 8.249999999999999556e-01
1.461283827844187672e-02 2.717058021050521022e-02 9.050000000000000266e-01 8.219999999999999529e-01
1.455524084207569617e-02 2.692308111926205311e-02 9.070000000000000284e-01 8.229999999999999538e-01
1.532465526841903306e-02 2.804441762991535803e-02 8.994999999999999662e-01 8.169999999999999485e-01
1.485565643272547011e-02 2.763659739817759392e-02 9.054999999999999716e-01 8.189999999999999503e-01
1.513281204869952601e-02 2.825008397168222302e-02 9.020000000000000240e-01 8.249999999999999556e-01
1.483873496789655036e-02 2.795167256990544608e-02 9.074999999999999734e-01 8.239999999999999547e-01
1.507477918757641616e-02 2.740769211031265917e-02 9.054999999999999716e-01 8.279999999999999583e-01
1.560714977267866135e-02 2.776813534552291171e-02 9.010000000000000231e-01 8.179999999999999494e-01
1.614283735700675071e-02 2.805875415079494770e-02 8.954999999999999627e-01 8.209999999999999520e-01
1.590488564988727302e-02 2.849520629083830345e-02 8.900000000000000133e-01 8.169999999999999485e-01
1.456155952078864307e-02 2.772516482194353760e-02 9.050000000000000266e-01 8.209999999999999520e-01
1.411386802301168968e-02 2.654190521822967497e-02 9.150000000000000355e-01 8.339999999999999636e-01
1.538506051445885994e-02 2.853968519178810143e-02 9.100000000000000311e-01 8.289999999999999591e-01
1.498147333296577337e-02 2.795109251672342476e-02 9.034999999999999698e-01 8.219999999999999529e-01
1.464037668811101096e-02 2.742935425027936969e-02 9.090000000000000302e-01 8.249999999999999556e-01
1.525456377791285616e-02 2.820662612482843778e-02 8.970000000000000195e-01 8.199999999999999512e-01
1.415949651958357813e-02 2.735620310071648631e-02 9.074999999999999734e-01 8.229999999999999538e-01
1.391425690769407600e-02 2.697120033190138905e-02 9.054999999999999716e-01 8.249999999999999556e-01
1.433865580766600575e-02 2.743523638045886059e-02 9.074999999999999734e-01 8.259999999999999565e-01
1.422939948800079103e-02 2.703533375467563268e-02 9.070000000000000284e-01 8.279999999999999583e-01
1.822149273914972292e-02 3.074222447760623089e-02 8.784999999999999476e-01 7.940000000000000391e-01
1.468345030359073482e-02 2.783258421279688130e-02 9.024999999999999689e-01 8.189999999999999503e-01
1.364889191724749304e-02 2.699757206911688676e-02 9.154999999999999805e-01 8.239999999999999547e-01
1.439082901560117915e-02 2.759342088305559090e-02 9.080000000000000293e-01 8.199999999999999512e-01
1.445905920141181585e-02 2.738973482732634523e-02 9.134999999999999787e-01 8.239999999999999547e-01
1.562711626227759193e-02 2.806174379957528803e-02 8.980000000000000204e-01 8.229999999999999538e-01
1.407453616508035424e-02 2.695594775917821428e-02 9.100000000000000311e-01 8.289999999999999591e-01
1.426855298112467141e-02 2.674402098621788543e-02 9.070000000000000284e-01 8.319999999999999618e-01
1.615055757322747185e-02 2.805238677188984925e-02 9.004999999999999671e-01 8.169999999999999485e-01
1.433958036896603068e-02 2.740489076650870839e-02 9.114999999999999769e-01 8.249999999999999556e-01
1.389470286197600282e-02 2.705836501861461421e-02 9.120000000000000329e-01 8.259999999999999565e-01
1.406188156498608920e-02 2.707140952691302130e-02 9.124999999999999778e-01 8.339999999999999636e-01
1.468751060948236473e-02 2.751275534914787366e-02 9.074999999999999734e-01 8.249999999999999556e-01
1.488689656980330886e-02 2.824223096574143485e-02 9.134999999999999787e-01 8.179999999999999494e-01
1.414208694400958220e-02 2.687693023181393984e-02 9.134999999999999787e-01 8.259999999999999565e-01
1.458031624810520593e-02 2.741907398953895292e-02 9.044999999999999707e-01 8.159999999999999476e-01
1.434629589471183436e-02 2.745875640252477129e-02 9.134999999999999787e-01 8.269999999999999574e-01
1.434092639777163024e-02 2.785763339207214875e-02 9.120000000000000329e-01 8.249999999999999556e-01
1.572547889830959097e-02 2.860697094036826829e-02 9.020000000000000240e-01 8.149999999999999467e-01
1.511959352713794849e-02 2.802570467433886797e-02 9.004999999999999671e-01 8.189999999999999503e-01
1.537347170665183220e-02 2.765262064280412865e-02 9.070000000000000284e-01 8.249999999999999556e-01
1.397133134559230480e-02 2.676473519414603389e-02 9.090000000000000302e-01 8.199999999999999512e-01
1.410886233449457940e-02 2.768642562691678646e-02 9.104999999999999760e-01 8.199999999999999512e-01
1.326405096452906544e-02 2.673426078326060495e-02 9.130000000000000338e-01 8.359999999999999654e-01
1.383357893191393580e-02 2.685368760328409043e-02 9.140000000000000346e-01 8.279999999999999583e-01
1.625500620009064090e-02 2.922346865139667862e-02 8.880000000000000115e-01 8.110000000000000542e-01
1.519351533570862181e-02 2.840346724013670041e-02 8.984999999999999654e-01 8.169999999999999485e-01
1.420175880886106329e-02 2.755721834336331486e-02 9.150000000000000355e-01 8.319999999999999618e-01
1.469551424471054329e-02 2.808621717588359948e-02 9.084999999999999742e-01 8.199999999999999512e-01
1.462545179059213107e-02 2.750768829344367103e-02 9.054999999999999716e-01 8.259999999999999565e-01
1.471750666552321639e-02 2.761527907286046718e-02 9.064999999999999725e-01 8.279999999999999583e-01
1.367113010150084428e-02 2.727822763695109121e-02 9.174999999999999822e-01 8.299999999999999600e-01
1.407161195372505849e-02 2.760030143119686363e-02 9.090000000000000302e-01 8.259999999999999565e-01
1.328317374432189460e-02 2.686810345996555605e-02 9.150000000000000355e-01 8.359999999999999654e-01
1.433019099727719098e-02 2.765276525605117955e-02 9.140000000000000346e-01 8.249999999999999556e-01
1.434730360151633549e-02 2.729237937746157791e-02 9.034999999999999698e-01 8.249999999999999556e-01
1.349878722666520044e-02 2.732444630697663038e-02 9.124999999999999778e-01 8.259999999999999565e-01
1.457455867713003915e-02 2.793211124574954823e-02 9.124999999999999778e-01 8.299999999999999600e-01
1.386972730609258193e-02 2.687900048161134814e-02 9.114999999999999769e-01 8.339999999999999636e-01
1.445369783866625249e-02 2.789952102830932368e-02 9.040000000000000258e-01 8.219999999999999529e-01
1.433684239377618942e-02 2.780222016552569980e-02 9.140000000000000346e-01 8.269999999999999574e-01
1.351664960225810660e-02 2.649926359450020807e-02 9.114999999999999769e-01 8.299999999999999600e-01
1.339794743757007252e-02 2.656702848962605792e-02 9.150000000000000355e-01 8.329999999999999627e-01
1.419329461055162354e-02 2.792674300855860561e-02 9.154999999999999805e-01 8.229999999999999538e-01
1.297334721938684689e-02 2.653819080960111501e-02 9.144999999999999796e-01 8.239999999999999547e-01
1.404798084084933965e-02 2.684183505828954819e-02 9.120000000000000329e-01 8.279999999999999583e-01
1.553760117612603200e-02 2.830745145102820867e-02 8.944999999999999618e-01 8.239999999999999547e-01
1.338489821451374802e-02 2.635996624639397670e-02 9.180000000000000382e-01 8.399999999999999689e-01
1.371974029344849057e-02 2.723416691648732763e-02 9.104999999999999760e-01 8.259999999999999565e-01
1.478717972975499527e-02 2.787064642639806508e-02 9.024999999999999689e-01 8.289999999999999591e-01
1.418996780719853149e-02 2.694190939633480872e-02 9.100000000000000311e-01 8.339999999999999636e-01
1.428701538826762131e-02 2.730094261403250011e-02 9.134999999999999787e-01 8.269999999999999574e-01
1.320261358911130854e-02 2.650552473437007769e-02 9.124999999999999778e-01 8.309999999999999609e-01
1.343205756471425698e-02 2.680902929678732546e-02 9.134999999999999787e-01 8.299999999999999600e-01
1.402950275277943873e-02 2.698230041853855177e-02 9.120000000000000329e-01 8.279999999999999583e-01
1.416099736761015394e-02 2.751617623427382586e-02 9.134999999999999787e-01 8.269999999999999574e-01
1.397599697882779407e-02 2.689028005528354068e-02 9.104999999999999760e-01 8.219999999999999529e-01
1.338353799868065470e-02 2.662117791458574675e-02 9.150000000000000355e-01 8.339999999999999636e-01
1.338939121506016981e-02 2.665791164813685610e-02 9.170000000000000373e-01 8.329999999999999627e-01
1.359927450099672475e-02 2.691445842801035160e-02 9.140000000000000346e-01 8.329999999999999627e-01
1.396537705709633564e-02 2.721180424223884273e-02 9.104999999999999760e-01 8.299999999999999600e-01
1.302219704613377486e-02 2.638394374721848845e-02 9.180000000000000382e-01 8.319999999999999618e-01
1.356826403971333854e-02 2.715043712975355461e-02 9.150000000000000355e-01 8.279999999999999583e-01
1.486097381279039356e-02 2.814585747616460062e-02 9.050000000000000266e-01 8.199999999999999512e-01
1.460000909147598884e-02 2.736847004105160894e-02 9.050000000000000266e-01 8.249999999999999556e-01
1.337853351187498312e-02 2.695783535401822736e-02 9.180000000000000382e-01 8.279999999999999583e-01
1.496109051700619461e-02 2.833528509608622750e-02 9.024999999999999689e-01 8.169999999999999485e-01
1.470199885905495649e-02 2.808599282158929719e-02 9.004999999999999671e-01 8.229999999999999538e-01
1.475955981488684746e-02 2.817203386392716155e-02 9.054999999999999716e-01 8.289999999999999591e-01
1.403825612050823603e-02 2.745345096309770999e-02 9.120000000000000329e-01 8.309999999999999609e-01
1.329647880582395837e-02 2.625108104623832470e-02 9.154999999999999805e-01 8.339999999999999636e-01
1.324230874432352073e-02 2.668946038534236731e-02 9.124999999999999778e-01 8.289999999999999591e-01
1.297894914710742004e-02 2.634778921522208661e-02 9.174999999999999822e-01 8.319999999999999618e-01
1.349857959438061604e-02 2.684128950252490445e-02 9.150000000000000355e-01 8.309999999999999609e-01
1.488834617688295295e-02 2.818876883084560706e-02 9.040000000000000258e-01 8.259999999999999565e-01
1.374580661874289823e-02 2.691708188456635314e-02 9.100000000000000311e-01 8.279999999999999583e-01
1.317253261009219099e-02 2.658855563244010359e-02 9.184999999999999831e-01 8.269999999999999574e-01
1.476216757233992510e-02 2.739248988900658960e-02 9.044999999999999707e-01 8.279999999999999583e-01
1.286082814510693638e-02 2.637648248739728890e-02 9.180000000000000382e-01 8.309999999999999609e-01
1.371032120890490306e-02 2.728275044733064619e-02 9.140000000000000346e-01 8.299999999999999600e-01
1.306362471672760199e-02 2.641809280905228069e-02 9.190000000000000391e-01 8.279999999999999583e-01
1.264798187809076588e-02 2.609368690900075102e-02 9.210000000000000409e-01 8.329999999999999627e-01
1.272486841241306232e-02 2.664896387624269072e-02 9.194999999999999840e-01 8.329999999999999627e-01
1.374395959019303684e-02 2.661995152105809531e-02 9.094999999999999751e-01 8.289999999999999591e-01
1.310438453595809058e-02 2.656649674362093413e-02 9.164999999999999813e-01 8.359999999999999654e-01
1.265913074298416138e-02 2.695883498414489848e-02 9.140000000000000346e-01 8.279999999999999583e-01
1.373740137145352050e-02 2.787839259149608312e-02 9.134999999999999787e-01 8.249999999999999556e-01
1.351757380338123975e-02 2.760938119602391119e-02 9.184999999999999831e-01 8.279999999999999583e-01
1.373969184572492765e-02 2.786988174024161366e-02 9.144999999999999796e-01 8.199999999999999512e-01
1.228874661877658522e-02 2.640630210264050676e-02 9.224999999999999867e-01 8.359999999999999654e-01
1.268802677873357918e-02 2.653436580207340842e-02 9.104999999999999760e-01 8.289999999999999591e-01
1.281904820314469680e-02 2.658595538039521672e-02 9.194999999999999840e-01 8.299999999999999600e-01
1.433740351408432402e-02 2.865841202844503569e-02 9.194999999999999840e-01 8.189999999999999503e-01
1.241563730689300427e-02 2.649949253537796021e-02 9.204999999999999849e-01 8.339999999999999636e-01
1.246973358853302287e-02 2.658246401381670135e-02 9.170000000000000373e-01 8.309999999999999609e-01
1.242703381773919806e-02 2.664589874961086069e-02 9.224999999999999867e-01 8.379999999999999671e-01
1.301567925878900460e-02 2.689952232724754019e-02 9.184999999999999831e-01 8.259999999999999565e-01
1.375070265096938957e-02 2.731721588333582001e-02 9.110000000000000320e-01 8.199999999999999512e-01
1.402026842908497828e-02 2.781148741612036665e-02 9.090000000000000302e-01 8.199999999999999512e-01
1.324420628808469468e-02 2.673248935326931822e-02 9.150000000000000355e-01 8.299999999999999600e-01
1.357590675852693267e-02 2.786455202887458404e-02 9.134999999999999787e-01 8.259999999999999565e-01
1.303909588228146718e-02 2.694411259763295277e-02 9.200000000000000400e-01 8.279999999999999583e-01
1.427967924419544857e-02 2.726301236479520065e-02 9.070000000000000284e-01 8.279999999999999583e-01
1.210295700893107042e-02 2.611195678766468561e-02 9.220000000000000417e-01 8.369999999999999662e-01
1.404386171741792318e-02 2.740845714528449689e-02 9.054999999999999716e-01 8.209999999999999520e-01
1.504651002855014220e-02 2.842072833260007869e-02 9.160000000000000364e-01 8.149999999999999467e-01
1.344965962222688903e-02 2.710208423021059215e-02 9.150000000000000355e-01 8.279999999999999583e-01
1.319278258402547740e-02 2.753358102022264095e-02 9.220000000000000417e-01 8.399999999999999689e-01
1.286392695457394889e-02 2.684099259957503647e-02 9.214999999999999858e-01 8.229999999999999538e-01
1.209771470512607111e-02 2.652060407061031244e-02 9.264999999999999902e-01 8.329999999999999627e-01
1.249727617518468434e-02 2.646587724229455471e-02 9.224999999999999867e-01 8.259999999999999565e-01
1.467031138050982342e-02 2.853110542145129158e-02 9.060000000000000275e-01 8.139999999999999458e-01
1.353475575359050498e-02 2.752467974145825919e-02 9.150000000000000355e-01 8.299999999999999600e-01
1.261220905129803449e-02 2.675640946934645936e-02 9.264999999999999902e-01 8.359999999999999654e-01
