4.170111171357578778e-02 4.530252030053984885e-02 7.129999999999999671e-01 6.810000000000000497e-01
3.515623958054934356e-02 3.902068214292564452e-02 7.640000000000000124e-01 7.419999999999999929e-01
3.111682195263219819e-02 3.587833596702452027e-02 8.189999999999999503e-01 7.880000000000000338e-01
3.723942446762158742e-02 4.340546151530009361e-02 7.620000000000000107e-01 7.179999999999999716e-01
2.618058288973458547e-02 3.318175734287560907e-02 8.375000000000000222e-01 7.820000000000000284e-01
2.655005705916071296e-02 3.457362667316270927e-02 8.219999999999999529e-01 7.740000000000000213e-01
2.481887266420334387e-02 3.355880407321247538e-02 8.439999999999999725e-01 7.870000000000000329e-01
2.328789907767583184e-02 3.293466891793220969e-02 8.545000000000000373e-01 7.780000000000000249e-01
2.000239004352117114e-02 2.949740598109404366e-02 8.790000000000000036e-01 8.000000000000000444e-01
2.014415496176429066e-02 2.925741031286742747e-02 8.665000000000000480e-01 8.100000000000000533e-01
1.848285073391586070e-02 2.880552547367801197e-02 8.810000000000000053e-01 8.129999999999999449e-01
2.304034966629430262e-02 3.323648683223045380e-02 8.479999999999999760e-01 7.800000000000000266e-01
2.207956591866855681e-02 3.351976438431492761e-02 8.575000000000000400e-01 7.860000000000000320e-01
1.704825940275755264e-02 2.910044443644081366e-02 8.894999999999999574e-01 8.189999999999999503e-01
1.640685360527418743e-02 2.903437174189557601e-02 8.930000000000000160e-01 8.080000000000000515e-01
1.497918883274587144e-02 2.924172490788629411e-02 9.004999999999999671e-01 8.139999999999999458e-01
1.613389089410124586e-02 2.892911969985267548e-02 8.904999999999999583e-01 8.129999999999999449e-01
2.343471148385653860e-02 3.596024033001698345e-02 8.549999999999999822e-01 7.700000000000000178e-01
1.341529113963443355e-02 2.818455037178010242e-02 9.130000000000000338e-01 8.169999999999999485e-01
1.559854265895758117e-02 3.057089307580024631e-02 8.964999999999999636e-01 8.000000000000000444e-01
1.500844090013954413e-02 3.022097396144823866e-02 9.034999999999999698e-01 8.060000000000000497e-01
1.371582895833593080e-02 3.005854735786642196e-02 9.174999999999999822e-01 8.040000000000000480e-01
1.743286996629346552e-02 3.234683799536592491e-02 8.850000000000000089e-01 7.910000000000000364e-01
1.571488405921801432e-02 3.108587230177763464e-02 9.004999999999999671e-01 7.970000000000000417e-01
1.140749373200248933e-02 2.763764213157549401e-02 9.274999999999999911e-01 8.149999999999999467e-01
1.078060838006865418e-02 2.763059463660506518e-02 9.310000000000000497e-01 8.189999999999999503e-01
1.185673957961669300e-02 2.803788328216139103e-02 9.254999999999999893e-01 8.199999999999999512e-01
9.668708783111705507e-03 2.636067347865088048e-02 9.465000000000000080e-01 8.199999999999999512e-01
9.507993255502901128e-03 2.660547013694084667e-02 9.475000000000000089e-01 8.299999999999999600e-01
9.508123190515858567e-03 2.733593141573498544e-02 9.395000000000000018e-01 8.289999999999999591e-01
9.739974674778020119e-03 2.751204576776730693e-02 9.405000000000000027e-01 8.279999999999999583e-01
9.223365943265377995e-03 2.669588160590504258e-02 9.475000000000000089e-01 8.199999999999999512e-01
9.500948032936178470e-03 2.842398150331623685e-02 9.415000000000000036e-01 8.129999999999999449e-01
9.345290159717037359e-03 2.816868238012016148e-02 9.475000000000000089e-01 8.129999999999999449e-01
8.389599838375835089e-03 2.847726024350835661e-02 9.455000000000000071e-01 8.060000000000000497e-01
7.536761451025880167e-03 2.736426932755318953e-02 9.565000000000000169e-01 8.179999999999999494e-01
7.140565521089052743e-03 2.774256873234404522e-02 9.559999999999999609e-01 8.279999999999999583e-01
6.521575550070131747e-03 2.638200520892197004e-02 9.649999999999999689e-01 8.319999999999999618e-01
7.879551058959287368e-03 2.769856471642419271e-02 9.545000000000000151e-01 8.139999999999999458e-01
1.293787972770421395e-02 3.198414919832311826e-02 9.124999999999999778e-01 7.930000000000000382e-01
8.561050471472750334e-03 2.756856116092720743e-02 9.469999999999999529e-01 8.269999999999999574e-01
7.733444939513673365e-03 2.873556928778974590e-02 9.479999999999999538e-01 8.229999999999999538e-01
1.206966402006003428e-02 3.096555613374374696e-02 9.170000000000000373e-01 7.910000000000000364e-01
5.742857120640873676e-03 2.715411219752001531e-02 9.675000000000000266e-01 8.229999999999999538e-01
7.353541283315314682e-03 2.928699328744877386e-02 9.535000000000000142e-01 8.169999999999999485e-01
6.574045994969019216e-03 2.808270708303244739e-02 9.639999999999999680e-01 8.199999999999999512e-01
6.301135131732717859e-03 2.718333681812789421e-02 9.629999999999999671e-01 8.269999999999999574e-01
7.493302548826647619e-03 2.812247854401028757e-02 9.549999999999999600e-01 8.120000000000000551e-01
7.422733599379009034e-03 2.762203582920707765e-02 9.569999999999999618e-01 8.209999999999999520e-01
4.144003438884960762e-03 2.675292713042174558e-02 9.795000000000000373e-01 8.229999999999999538e-01
4.744392789475668920e-03 2.749033105551898157e-02 9.729999999999999760e-01 8.289999999999999591e-01
4.885469681796430000e-03 2.790496066224334298e-02 9.709999999999999742e-01 8.269999999999999574e-01
6.515834196364564228e-03 2.877493233220016974e-02 9.625000000000000222e-01 8.149999999999999467e-01
4.622430919254540832e-03 2.790235055174461465e-02 9.745000000000000329e-01 8.120000000000000551e-01
4.883955745403706361e-03 2.618712085515002147e-02 9.749999999999999778e-01 8.359999999999999654e-01
4.683953785586903937e-03 2.598319679489372730e-02 9.729999999999999760e-01 8.279999999999999583e-01
1.209160690294009723e-02 3.236670770028090421e-02 9.194999999999999840e-01 7.930000000000000382e-01
6.529284018209227311e-03 2.914122602881326352e-02 9.575000000000000178e-01 8.249999999999999556e-01
4.939664686585500120e-03 2.703640331247102180e-02 9.699999999999999734e-01 8.339999999999999636e-01
4.071393078004539867e-03 2.775578374582705204e-02 9.775000000000000355e-01 8.189999999999999503e-01
5.297696322748172981e-03 2.859282720005213579e-02 9.675000000000000266e-01 8.249999999999999556e-01
3.711932142906597832e-03 2.830206677011635683e-02 9.785000000000000364e-01 8.199999999999999512e-01
8.060910697324704180e-03 3.049767031957252225e-02 9.475000000000000089e-01 8.149999999999999467e-01
3.988154239985663117e-03 2.740230779916030812e-02 9.789999999999999813e-01 8.299999999999999600e-01
3.331518244253795467e-03 2.865383399283806531e-02 9.815000000000000391e-01 8.159999999999999476e-01
5.119736502080984158e-03 2.830108250467696859e-02 9.699999999999999734e-01 8.199999999999999512e-01
2.452114067477887457e-03 2.683073190435429287e-02 9.859999999999999876e-01 8.239999999999999547e-01
3.103004801540523543e-03 2.785743218414466621e-02 9.855000000000000426e-01 8.269999999999999574e-01
2.748660551212885224e-03 2.742164927746682662e-02 9.849999999999999867e-01 8.179999999999999494e-01
3.550997475967294405e-03 2.909907317463336640e-02 9.799999999999999822e-01 8.149999999999999467e-01
8.654447564286404937e-03 3.107951118062732276e-02 9.445000000000000062e-01 7.990000000000000435e-01
5.789051763519474127e-03 2.963110411698112456e-02 9.599999999999999645e-01 8.179999999999999494e-01
6.679082260629687351e-03 3.185419197845562600e-02 9.575000000000000178e-01 8.060000000000000497e-01
2.878575593947737318e-03 2.834422283787437283e-02 9.855000000000000426e-01 8.120000000000000551e-01
6.624709842032916809e-03 3.104723841143434623e-02 9.579999999999999627e-01 7.980000000000000426e-01
5.579333579440058991e-03 2.883846097468791003e-02 9.665000000000000258e-01 8.229999999999999538e-01
4.149490779386729236e-03 3.061922277627562167e-02 9.759999999999999787e-01 8.040000000000000480e-01
5.233105545260624894e-03 3.159464974317936076e-02 9.639999999999999680e-01 8.139999999999999458e-01
3.291434439791289957e-03 2.784838040930585554e-02 9.829999999999999849e-01 8.169999999999999485e-01
3.223005252571561462e-03 2.827880939091445556e-02 9.855000000000000426e-01 8.209999999999999520e-01
5.604406064722584208e-03 3.142571876476773357e-02 9.659999999999999698e-01 8.070000000000000506e-01
2.776769728321428453e-03 2.925032923398901072e-02 9.845000000000000417e-01 8.169999999999999485e-01
3.492450919551404014e-03 2.995970344375574468e-02 9.789999999999999813e-01 8.189999999999999503e-01
2.928780324112355629e-03 2.820890853287787506e-02 9.829999999999999849e-01 8.269999999999999574e-01
2.196458446210078960e-03 2.819147252346898558e-02 9.905000000000000471e-01 8.209999999999999520e-01
2.099454936212427625e-03 2.987035813576381302e-02 9.885000000000000453e-01 8.139999999999999458e-01
6.765680688799832754e-03 3.094027315576978326e-02 9.559999999999999609e-01 8.169999999999999485e-01
2.263668531438584475e-03 2.795154556539025670e-02 9.885000000000000453e-01 8.279999999999999583e-01
4.793789906708547342e-03 3.076907067887693636e-02 9.685000000000000275e-01 8.070000000000000506e-01
3.124811202701233744e-03 2.849702869296361421e-02 9.805000000000000382e-01 8.209999999999999520e-01
2.807413474719660639e-03 2.884800326544828541e-02 9.845000000000000417e-01 8.209999999999999520e-01
2.336615587645928232e-03 2.863674429271231836e-02 9.865000000000000435e-01 8.199999999999999512e-01
1.595394706452634564e-02 3.471743304236755978e-02 8.934999999999999609e-01 7.680000000000000160e-01
2.587861378765285957e-03 2.786905307488071748e-02 9.835000000000000409e-01 8.229999999999999538e-01
5.680069837682630123e-03 3.079528784049823456e-02 9.625000000000000222e-01 8.129999999999999449e-01
2.185065720928522966e-03 2.759411853703109055e-02 9.879999999999999893e-01 8.279999999999999583e-01
3.024360014019697538e-03 2.793924017318874520e-02 9.839999999999999858e-01 8.329999999999999627e-01
3.770119025735645980e-03 2.866418066778291668e-02 9.769999999999999796e-01 8.239999999999999547e-01
1.756145904882006102e-03 2.934907460764446877e-02 9.915000000000000480e-01 8.209999999999999520e-01
1.773569111208855289e-03 2.877641252566312535e-02 9.915000000000000480e-01 8.179999999999999494e-01
1.823979046927693597e-03 2.912768121514097697e-02 9.895000000000000462e-01 8.169999999999999485e-01
3.235994292803984901e-03 2.739654987330228386e-02 9.805000000000000382e-01 8.249999999999999556e-01
1.235976267697181654e-03 2.703835386565495505e-02 9.945000000000000506e-01 8.269999999999999574e-01
8.611393311757376814e-04 2.764018407217945852e-02 9.979999999999999982e-01 8.239999999999999547e-01
4.642219754872695982e-03 3.162656768369326299e-02 9.725000000000000311e-01 8.120000000000000551e-01
1.359578968160564264e-03 2.920433633449481467e-02 9.935000000000000497e-01 8.189999999999999503e-01
1.165823695984756015e-03 2.811743398992961121e-02 9.945000000000000506e-01 8.259999999999999565e-01
3.651967943118299489e-03 3.066771602615010056e-02 9.779999999999999805e-01 8.129999999999999449e-01
2.518177985465011592e-03 2.776704641253528380e-02 9.855000000000000426e-01 8.269999999999999574e-01
1.392138941285109982e-03 2.787808674592099495e-02 9.915000000000000480e-01 8.229999999999999538e-01
2.029865653033571717e-03 2.892225905058752600e-02 9.869999999999999885e-01 8.199999999999999512e-01
3.848398570384894534e-03 2.880056083722133328e-02 9.745000000000000329e-01 8.239999999999999547e-01
2.708974783149369417e-03 2.907816905808275482e-02 9.859999999999999876e-01 8.189999999999999503e-01
2.338598696344236939e-03 2.950871461324368339e-02 9.895000000000000462e-01 8.169999999999999485e-01
2.069286392642023104e-03 2.915415330188069962e-02 9.885000000000000453e-01 8.179999999999999494e-01
2.862303319700636259e-03 2.879640672886754973e-02 9.805000000000000382e-01 8.259999999999999565e-01
5.065343740756647790e-03 3.031035175179285987e-02 9.689999999999999725e-01 8.080000000000000515e-01
4.380644997007550681e-03 2.926626534691620374e-02 9.725000000000000311e-01 8.149999999999999467e-01
1.503999326639608378e-03 2.852546591124162367e-02 9.955000000000000515e-01 8.279999999999999583e-01
8.323417155753826992e-04 2.750227657563256156e-02 9.965000000000000524e-01 8.299999999999999600e-01
8.738483830880429360e-04 2.799850140861557743e-02 9.959999999999999964e-01 8.269999999999999574e-01
5.802810381583871531e-03 3.111015526822797500e-02 9.639999999999999680e-01 8.149999999999999467e-01
5.102670377110107153e-03 3.085654014424414268e-02 9.689999999999999725e-01 8.189999999999999503e-01
5.325609227992217365e-03 3.094988147383200341e-02 9.715000000000000302e-01 8.090000000000000524e-01
1.208244540194519353e-03 2.746774351226863309e-02 9.949999999999999956e-01 8.259999999999999565e-01
1.070671955228384275e-03 2.798647614718506593e-02 9.955000000000000515e-01 8.249999999999999556e-01
2.963841011143829394e-03 2.963256379496960469e-02 9.809999999999999831e-01 8.149999999999999467e-01
1.349571936623680454e-03 2.826307367133948714e-02 9.929999999999999938e-01 8.249999999999999556e-01
1.326930354091831847e-03 2.835746832523286520e-02 9.929999999999999938e-01 8.209999999999999520e-01
1.210482447026599686e-03 2.983465106660717139e-02 9.939999999999999947e-01 8.179999999999999494e-01
2.207102797677485545e-03 2.817731830901785625e-02 9.895000000000000462e-01 8.209999999999999520e-01
2.042793673531250517e-03 2.981312348882911301e-02 9.889999999999999902e-01 8.110000000000000542e-01
1.474143900554993666e-03 2.863033735435179319e-02 9.909999999999999920e-01 8.209999999999999520e-01
3.922590964014083074e-03 2.969211984247923514e-02 9.765000000000000346e-01 8.159999999999999476e-01
9.278223112576149730e-04 2.812174626268348909e-02 9.965000000000000524e-01 8.269999999999999574e-01
6.885580301179905971e-04 2.752254252476485016e-02 9.965000000000000524e-01 8.249999999999999556e-01
1.593297766627590432e-03 2.898519220672695837e-02 9.945000000000000506e-01 8.179999999999999494e-01
2.353778197884191618e-03 3.010826052151222010e-02 9.859999999999999876e-01 8.110000000000000542e-01
3.336939652531029348e-03 3.156100639273662356e-02 9.795000000000000373e-01 8.090000000000000524e-01
1.731868078467035943e-03 2.894563217304812336e-02 9.909999999999999920e-01 8.219999999999999529e-01
2.303106033062981249e-03 2.842272225077518977e-02 9.865000000000000435e-01 8.219999999999999529e-01
4.900009248097882825e-03 3.059966863893114758e-02 9.725000000000000311e-01 8.080000000000000515e-01
1.180870972756829611e-03 2.800441855821014792e-02 9.959999999999999964e-01 8.239999999999999547e-01
7.931823845525384905e-04 2.898438507073195641e-02 9.959999999999999964e-01 8.209999999999999520e-01
8.934241045980661003e-03 3.255503992877287200e-02 9.469999999999999529e-01 7.990000000000000435e-01
1.666244400533260523e-03 2.900059319125092988e-02 9.895000000000000462e-01 8.209999999999999520e-01
4.681552215802436100e-03 3.070142121010818390e-02 9.705000000000000293e-01 8.159999999999999476e-01
1.053779253020889093e-03 2.894704679278205586e-02 9.939999999999999947e-01 8.219999999999999529e-01
4.924685583984071864e-04 2.853045498472533276e-02 9.995000000000000551e-01 8.159999999999999476e-01
5.048144140986181999e-03 3.181991476562955751e-02 9.685000000000000275e-01 7.970000000000000417e-01
3.277693593703980002e-03 2.963050854779854248e-02 9.789999999999999813e-01 8.139999999999999458e-01
5.231202979382274833e-03 3.319244830737717866e-02 9.649999999999999689e-01 7.880000000000000338e-01
3.432950541895492171e-03 3.059870875708010571e-02 9.799999999999999822e-01 8.159999999999999476e-01
1.271769269002820738e-03 2.847213700287783145e-02 9.935000000000000497e-01 8.169999999999999485e-01
1.869656632053303714e-03 2.870417468529853910e-02 9.909999999999999920e-01 8.199999999999999512e-01
6.946880264902428881e-04 2.887854368619497888e-02 9.979999999999999982e-01 8.209999999999999520e-01
9.181317923202826073e-04 2.913482712947751407e-02 9.955000000000000515e-01 8.159999999999999476e-01
2.898165774733509406e-03 3.013385342636774530e-02 9.825000000000000400e-01 8.120000000000000551e-01
1.266143658092671242e-03 2.954088932803927009e-02 9.929999999999999938e-01 8.169999999999999485e-01
5.060612368779394965e-03 3.134723535164194580e-02 9.665000000000000258e-01 8.070000000000000506e-01
1.506213617044192170e-03 2.984159102869426636e-02 9.915000000000000480e-01 8.159999999999999476e-01
5.463141673139736577e-04 2.854628464482008091e-02 9.985000000000000542e-01 8.279999999999999583e-01
2.419566492212894306e-03 2.861011176632394931e-02 9.835000000000000409e-01 8.199999999999999512e-01
4.085266026993562491e-03 3.030840746229862895e-02 9.719999999999999751e-01 8.219999999999999529e-01
5.841520798157303490e-03 3.152541396868771550e-02 9.615000000000000213e-01 8.080000000000000515e-01
1.277392410490889784e-03 2.880612667733888771e-02 9.939999999999999947e-01 8.189999999999999503e-01
9.417826206716336124e-04 3.047126100465905041e-02 9.945000000000000506e-01 8.110000000000000542e-01
3.572176168877953546e-04 2.820154883290237544e-02 9.995000000000000551e-01 8.239999999999999547e-01
6.223706393488347447e-04 2.871416349000293841e-02 9.985000000000000542e-01 8.179999999999999494e-01
3.469084518936931937e-03 2.844490277561667266e-02 9.809999999999999831e-01 8.209999999999999520e-01
3.352065918487183004e-03 3.020646041714675212e-02 9.815000000000000391e-01 8.100000000000000533e-01
1.516111282538152487e-03 2.916268343907339744e-02 9.925000000000000488e-01 8.169999999999999485e-01
1.409066249069977151e-03 2.892296784908458471e-02 9.919999999999999929e-01 8.209999999999999520e-01
7.873960630946876720e-04 2.936820342964126598e-02 9.949999999999999956e-01 8.169999999999999485e-01
4.756463697537653343e-03 3.150236099173995413e-02 9.725000000000000311e-01 8.050000000000000488e-01
1.194036087075863763e-03 2.810296313578782706e-02 9.965000000000000524e-01 8.239999999999999547e-01
8.396153438139973904e-04 2.808305109489345891e-02 9.965000000000000524e-01 8.299999999999999600e-01
1.171379235282346727e-03 2.798652991646257554e-02 9.945000000000000506e-01 8.169999999999999485e-01
4.618952113872899778e-03 3.092164050428423266e-02 9.735000000000000320e-01 8.070000000000000506e-01
9.994213433867390854e-04 2.880876193090440435e-02 9.969999999999999973e-01 8.159999999999999476e-01
5.413822397596809418e-04 2.803074652057937349e-02 9.979999999999999982e-01 8.259999999999999565e-01
2.558609343967697090e-03 2.960363659730744570e-02 9.855000000000000426e-01 8.159999999999999476e-01
3.645039793889284698e-03 3.133914540628676693e-02 9.779999999999999805e-01 8.159999999999999476e-01
2.472394575686582326e-03 3.166835186241552524e-02 9.875000000000000444e-01 8.050000000000000488e-01
1.681029134835051661e-03 2.787930564529708666e-02 9.899999999999999911e-01 8.279999999999999583e-01
2.025881228197501469e-03 2.988104407076590252e-02 9.869999999999999885e-01 8.179999999999999494e-01
4.143683033338414062e-03 3.196860795368502289e-02 9.719999999999999751e-01 8.030000000000000471e-01
5.071287931294624594e-03 3.095617117614508917e-02 9.665000000000000258e-01 8.139999999999999458e-01
2.682018325804595097e-03 2.916389778018491433e-02 9.869999999999999885e-01 8.129999999999999449e-01
1.040861734944938805e-03 2.954495216755457371e-02 9.959999999999999964e-01 8.219999999999999529e-01
7.945585139479025786e-04 2.834857722030032640e-02 9.979999999999999982e-01 8.199999999999999512e-01
1.773634280419292232e-03 2.894441359206613093e-02 9.909999999999999920e-01 8.169999999999999485e-01
4.518716352051980220e-04 2.782036598321897813e-02 9.989999999999999991e-01 8.269999999999999574e-01
6.708492620355447928e-04 2.934031690942325715e-02 9.985000000000000542e-01 8.189999999999999503e-01
1.173597910483784685e-03 2.892412461176655306e-02 9.949999999999999956e-01 8.189999999999999503e-01
2.184227386641356041e-03 3.080697829437081120e-02 9.865000000000000435e-01 8.090000000000000524e-01
5.255668822955676493e-03 3.084215282666539701e-02 9.635000000000000231e-01 8.120000000000000551e-01
5.665743563906247213e-03 3.046040941637539676e-02 9.605000000000000204e-01 8.120000000000000551e-01
7.597910541085387253e-04 2.870445859488782517e-02 9.945000000000000506e-01 8.209999999999999520e-01
4.169690723249929766e-03 3.072072565519269952e-02 9.719999999999999751e-01 8.129999999999999449e-01
8.769709222828199133e-04 2.812227832985659745e-02 9.969999999999999973e-01 8.179999999999999494e-01
1.847776160737382148e-03 2.985160526273432369e-02 9.895000000000000462e-01 8.149999999999999467e-01
1.454888733358023932e-03 3.019643848550258511e-02 9.949999999999999956e-01 8.110000000000000542e-01
2.176083397242306421e-03 3.030456612017236318e-02 9.885000000000000453e-01 8.129999999999999449e-01
1.216238329282917901e-03 2.989814263078134637e-02 9.935000000000000497e-01 8.199999999999999512e-01
1.836738504940958706e-03 2.937666295164020197e-02 9.909999999999999920e-01 8.159999999999999476e-01
6.495546497651803492e-04 2.932613936912458266e-02 9.989999999999999991e-01 8.179999999999999494e-01
3.728021012389546511e-04 2.803468851669636136e-02 9.995000000000000551e-01 8.199999999999999512e-01
6.893789187020363599e-04 2.965786242897115732e-02 9.979999999999999982e-01 8.179999999999999494e-01
6.540696323030253294e-04 2.975138855610473879e-02 9.969999999999999973e-01 8.199999999999999512e-01
6.460071404235845274e-04 2.901527336174778912e-02 9.985000000000000542e-01 8.189999999999999503e-01
4.835338062320189922e-04 2.861078511151289236e-02 9.989999999999999991e-01 8.199999999999999512e-01
2.343952097775151532e-03 3.225307458552994361e-02 9.845000000000000417e-01 8.010000000000000453e-01
7.239877864827010600e-04 2.948463614678038455e-02 9.975000000000000533e-01 8.080000000000000515e-01
1.339159727392911017e-03 3.035104991994842794e-02 9.919999999999999929e-01 8.189999999999999503e-01
3.738266390953245760e-04 2.905754440605927413e-02 9.989999999999999991e-01 8.179999999999999494e-01
8.490737539898889638e-04 2.818679024710010056e-02 9.959999999999999964e-01 8.239999999999999547e-01
1.106819483351615232e-03 3.025621102343776722e-02 9.949999999999999956e-01 8.050000000000000488e-01
7.609092042577829309e-04 3.002370611707295966e-02 9.969999999999999973e-01 8.169999999999999485e-01
4.167708921072548313e-04 2.823564928838278448e-02 9.989999999999999991e-01 8.179999999999999494e-01
1.120083961580274406e-03 3.016558554724066421e-02 9.939999999999999947e-01 8.179999999999999494e-01
5.373846053606415145e-04 2.973971908906926712e-02 9.975000000000000533e-01 8.120000000000000551e-01
8.845043177757512184e-03 3.248062201636355700e-02 9.449999999999999512e-01 8.050000000000000488e-01
8.677885722556268706e-04 2.902631180137954514e-02 9.955000000000000515e-01 8.110000000000000542e-01
5.033032883189473596e-04 3.075376746209873211e-02 9.989999999999999991e-01 8.189999999999999503e-01
6.638369113976055023e-04 2.958298149704543731e-02 9.979999999999999982e-01 8.189999999999999503e-01
1.284020060559355790e-03 3.078928528283905730e-02 9.909999999999999920e-01 8.139999999999999458e-01
1.055184351915750256e-03 2.905931216878417447e-02 9.949999999999999956e-01 8.209999999999999520e-01
3.555133992804644736e-03 3.026049279944919429e-02 9.769999999999999796e-01 8.159999999999999476e-01
2.440627359353340822e-03 2.946353719804458218e-02 9.859999999999999876e-01 8.149999999999999467e-01
2.051087633743670438e-03 2.990980048963705340e-02 9.869999999999999885e-01 8.199999999999999512e-01
7.161212374270815861e-04 2.862190987593733055e-02 9.975000000000000533e-01 8.199999999999999512e-01
1.228770016707665105e-03 2.952878172234222817e-02 9.929999999999999938e-01 8.199999999999999512e-01
2.138775574172495017e-03 2.936466379743282035e-02 9.859999999999999876e-01 8.209999999999999520e-01
1.268579998558222151e-03 3.051428948072795744e-02 9.919999999999999929e-01 8.229999999999999538e-01
1.819086842382649019e-03 2.900019613046868686e-02 9.875000000000000444e-01 8.219999999999999529e-01
2.916448459678588467e-03 2.893226255562713484e-02 9.809999999999999831e-01 8.299999999999999600e-01
5.277794858412940921e-04 2.853031455319911605e-02 9.985000000000000542e-01 8.229999999999999538e-01
4.060598901161766201e-03 3.121103325551293287e-02 9.755000000000000338e-01 8.149999999999999467e-01
6.470843731853182868e-04 2.896297215645777731e-02 9.975000000000000533e-01 8.179999999999999494e-01
8.508668933798702256e-04 3.038074094239161596e-02 9.955000000000000515e-01 8.139999999999999458e-01
5.243755166266745931e-04 2.829570149150966232e-02 9.975000000000000533e-01 8.199999999999999512e-01
5.778612204355515827e-04 2.911428763699849473e-02 9.975000000000000533e-01 8.169999999999999485e-01
2.198850625600350193e-03 2.994645547374171282e-02 9.859999999999999876e-01 8.120000000000000551e-01
1.133946439812799287e-02 3.325246405351126727e-02 9.244999999999999885e-01 7.960000000000000409e-01
4.727375255168815571e-03 2.907659787080124278e-02 9.749999999999999778e-01 8.120000000000000551e-01
1.989325389939418549e-03 3.062447015389827693e-02 9.895000000000000462e-01 8.070000000000000506e-01
6.900387245105437696e-03 3.349158776086188366e-02 9.559999999999999609e-01 7.930000000000000382e-01
8.487328833120803828e-03 3.303916781214714243e-02 9.429999999999999494e-01 8.040000000000000480e-01
1.897610779806069205e-03 2.988613117348796339e-02 9.885000000000000453e-01 8.139999999999999458e-01
1.439401850300706239e-03 2.919415657224807420e-02 9.899999999999999911e-01 8.189999999999999503e-01
2.726794363950144269e-04 2.822176707063845866e-02 9.995000000000000551e-01 8.249999999999999556e-01
2.552192141360224310e-03 2.911931335245641211e-02 9.825000000000000400e-01 8.169999999999999485e-01
2.338666737867260877e-03 2.881809628127253442e-02 9.869999999999999885e-01 8.159999999999999476e-01
2.617189409970077651e-03 3.086727741342003978e-02 9.815000000000000391e-01 8.159999999999999476e-01
1.486880430787703247e-04 2.827677052440596972e-02 1.000000000000000000e+00 8.209999999999999520e-01
8.376134358227726919e-04 2.870698505073426485e-02 9.945000000000000506e-01 8.189999999999999503e-01
1.717901971132790263e-03 3.030605992644087865e-02 9.909999999999999920e-01 8.169999999999999485e-01
2.981542507426513788e-04 2.796006652315158325e-02 9.995000000000000551e-01 8.269999999999999574e-01
2.383121641994610015e-03 3.012770084648578456e-02 9.855000000000000426e-01 8.209999999999999520e-01
4.580155696318929091e-04 2.904661129045393864e-02 9.985000000000000542e-01 8.169999999999999485e-01
3.080721029601675518e-03 3.083000120955647558e-02 9.819999999999999840e-01 8.070000000000000506e-01
7.482051421070662909e-04 2.978621268482826989e-02 9.969999999999999973e-01 8.139999999999999458e-01
2.849305517568835339e-04 2.927660876891514594e-02 9.995000000000000551e-01 8.169999999999999485e-01
1.624667996007168012e-04 2.750733872710899725e-02 1.000000000000000000e+00 8.229999999999999538e-01
6.167372198896450266e-04 3.014590149085701054e-02 9.965000000000000524e-01 8.159999999999999476e-01
1.247219070779503934e-03 2.864543731875935501e-02 9.929999999999999938e-01 8.159999999999999476e-01
8.453391093508948401e-04 2.865595578363665935e-02 9.955000000000000515e-01 8.199999999999999512e-01
3.040921740528963377e-04 2.907573459973985391e-02 9.985000000000000542e-01 8.169999999999999485e-01
9.528241893883101664e-04 2.882398676158377457e-02 9.949999999999999956e-01 8.259999999999999565e-01
3.348174136061905326e-04 2.852377471353458385e-02 9.989999999999999991e-01 8.229999999999999538e-01
8.605060610616493662e-04 3.081035526078342024e-02 9.969999999999999973e-01 8.090000000000000524e-01
6.234211461977783638e-04 2.935107889398360162e-02 9.979999999999999982e-01 8.179999999999999494e-01
6.858499963432846628e-04 2.999937662919354570e-02 9.965000000000000524e-01 8.159999999999999476e-01
6.683768044404265292e-04 2.767215247867050101e-02 9.969999999999999973e-01 8.249999999999999556e-01
7.843929980658716911e-03 3.173667785851464612e-02 9.539999999999999591e-01 8.110000000000000542e-01
7.615805423376440474e-03 3.248096742111990232e-02 9.479999999999999538e-01 8.070000000000000506e-01
1.688233019133445617e-03 2.935350092130862079e-02 9.905000000000000471e-01 8.120000000000000551e-01
7.055686752979010989e-04 2.915010625248448672e-02 9.975000000000000533e-01 8.110000000000000542e-01
7.129228968340814475e-04 2.880533941744503612e-02 9.959999999999999964e-01 8.249999999999999556e-01
5.244243305051221908e-04 2.827193327391847380e-02 9.989999999999999991e-01 8.239999999999999547e-01
8.439909763929044368e-04 2.853465003315501514e-02 9.965000000000000524e-01 8.269999999999999574e-01
1.368830950734054768e-03 2.748276140051227751e-02 9.939999999999999947e-01 8.289999999999999591e-01
1.713248608194475582e-03 2.969982251215974936e-02 9.905000000000000471e-01 8.159999999999999476e-01
1.318807934955723267e-03 2.938864451502382069e-02 9.929999999999999938e-01 8.239999999999999547e-01
3.123592541567858497e-04 2.821587538830061179e-02 9.989999999999999991e-01 8.239999999999999547e-01
3.112399331495113762e-04 2.960232442363632671e-02 9.989999999999999991e-01 8.129999999999999449e-01
1.428454525929757002e-03 3.048413431138772417e-02 9.925000000000000488e-01 8.080000000000000515e-01
3.663930842638393227e-03 3.030447338048358405e-02 9.765000000000000346e-01 8.090000000000000524e-01
2.270762248720752281e-03 3.026097461186062765e-02 9.869999999999999885e-01 8.169999999999999485e-01
1.494796006507524829e-03 2.963025063055318292e-02 9.919999999999999929e-01 8.139999999999999458e-01
6.559984625846622831e-04 3.071601396517760485e-02 9.969999999999999973e-01 8.120000000000000551e-01
5.984944834481665914e-03 3.241998716737969771e-02 9.619999999999999662e-01 8.030000000000000471e-01
1.727329763282387919e-03 2.935556851238700291e-02 9.885000000000000453e-01 8.139999999999999458e-01
1.006609465402778921e-03 2.847733689295223539e-02 9.935000000000000497e-01 8.159999999999999476e-01
2.359261382996782810e-03 3.098393489053611477e-02 9.869999999999999885e-01 8.090000000000000524e-01
5.237083899865147690e-04 2.909778153854671381e-02 9.995000000000000551e-01 8.149999999999999467e-01
4.568624774551923980e-04 2.962402569632876723e-02 9.975000000000000533e-01 8.189999999999999503e-01
5.879538783578401291e-04 2.907734048889537917e-02 9.965000000000000524e-01 8.179999999999999494e-01
6.545943015573476567e-04 2.961363875974583337e-02 9.985000000000000542e-01 8.199999999999999512e-01
3.302687896586164800e-04 2.888840132936162930e-02 1.000000000000000000e+00 8.199999999999999512e-01
3.715249576710734402e-04 2.881493201082212241e-02 9.989999999999999991e-01 8.209999999999999520e-01
5.347144924086386477e-04 2.917027334251180368e-02 9.975000000000000533e-01 8.249999999999999556e-01
1.003140179645577949e-03 2.941803686539465681e-02 9.945000000000000506e-01 8.159999999999999476e-01
3.441060452654706812e-04 2.850472779599639434e-02 9.995000000000000551e-01 8.209999999999999520e-01
5.008271719432346282e-04 2.821191901235806099e-02 9.975000000000000533e-01 8.219999999999999529e-01
2.217348374417851765e-04 2.771791537063486924e-02 1.000000000000000000e+00 8.279999999999999583e-01
4.743031333679564865e-03 3.163140918202327762e-02 9.715000000000000302e-01 8.129999999999999449e-01
4.827396168137891054e-03 3.272608578049693295e-02 9.669999999999999707e-01 7.930000000000000382e-01
1.913715636822881832e-03 3.113290169572819135e-02 9.885000000000000453e-01 8.090000000000000524e-01
5.839135773742346091e-04 2.781101179855999250e-02 9.979999999999999982e-01 8.289999999999999591e-01
2.472885719312699869e-03 3.102481561745502880e-02 9.849999999999999867e-01 8.129999999999999449e-01
1.431148576446000884e-03 3.022200918085716365e-02 9.899999999999999911e-01 8.139999999999999458e-01
2.797079333327882715e-03 3.173595174510551037e-02 9.825000000000000400e-01 8.139999999999999458e-01
1.926274864207818977e-03 3.022623791358331619e-02 9.889999999999999902e-01 8.060000000000000497e-01
3.613527102614534983e-04 2.900325499384187947e-02 9.989999999999999991e-01 8.209999999999999520e-01
3.119182963548613368e-04 2.866542568642180266e-02 1.000000000000000000e+00 8.249999999999999556e-01
9.433792283851761629e-04 2.883246317124243258e-02 9.949999999999999956e-01 8.249999999999999556e-01
4.037838067586524567e-04 2.856091282134129439e-02 9.995000000000000551e-01 8.179999999999999494e-01
1.149841642672552516e-03 3.009890076591928074e-02 9.935000000000000497e-01 8.189999999999999503e-01
1.197802833930007712e-03 2.870533462325831203e-02 9.939999999999999947e-01 8.229999999999999538e-01
3.305318993571823571e-03 3.196668887803086334e-02 9.785000000000000364e-01 8.120000000000000551e-01
1.388062113051590895e-03 2.957273829484283190e-02 9.925000000000000488e-01 8.149999999999999467e-01
8.023388804639148717e-04 3.054263349913202349e-02 9.965000000000000524e-01 8.179999999999999494e-01
8.897328792861173988e-04 3.039359908560982163e-02 9.959999999999999964e-01 8.110000000000000542e-01
4.137402003139937189e-03 3.000205080278649933e-02 9.719999999999999751e-01 8.149999999999999467e-01
5.343177427335813173e-04 2.827240795604792079e-02 9.979999999999999982e-01 8.259999999999999565e-01
2.163773566078050666e-03 2.866380251494400275e-02 9.875000000000000444e-01 8.189999999999999503e-01
1.004726382927443066e-03 2.875615138247403571e-02 9.955000000000000515e-01 8.209999999999999520e-01
3.735375706657078970e-04 2.947887163999099100e-02 9.989999999999999991e-01 8.159999999999999476e-01
6.230694282530631865e-04 3.019630408394962870e-02 9.965000000000000524e-01 8.159999999999999476e-01
1.820808393336528102e-04 2.926081525900070882e-02 9.995000000000000551e-01 8.199999999999999512e-01
3.383821235685084802e-04 2.781842705535084517e-02 9.985000000000000542e-01 8.219999999999999529e-01
3.047120679271502386e-04 2.960939183479440601e-02 9.979999999999999982e-01 8.189999999999999503e-01
4.101165280808824368e-04 2.956641986419331417e-02 9.985000000000000542e-01 8.169999999999999485e-01
2.065458641968199137e-03 3.177781283415342245e-02 9.855000000000000426e-01 8.100000000000000533e-01
1.439080577442220692e-03 2.955612489463372433e-02 9.919999999999999929e-01 8.129999999999999449e-01
7.573519850825222470e-04 3.152596890744516211e-02 9.955000000000000515e-01 7.990000000000000435e-01
2.107913796538420613e-03 3.089103238745567401e-02 9.889999999999999902e-01 8.129999999999999449e-01
4.534180991627130087e-04 2.857937901317117793e-02 9.995000000000000551e-01 8.259999999999999565e-01
1.763302770555630599e-03 2.969517073622415099e-02 9.879999999999999893e-01 8.159999999999999476e-01
1.035683855239366872e-03 2.887114104275693288e-02 9.955000000000000515e-01 8.189999999999999503e-01
2.665546594229872748e-03 3.209226808418503413e-02 9.829999999999999849e-01 8.080000000000000515e-01
2.933841235679787284e-03 3.158075292822661029e-02 9.789999999999999813e-01 8.040000000000000480e-01
1.085922589291362901e-03 2.988547042373757012e-02 9.939999999999999947e-01 8.179999999999999494e-01
6.611834091746798987e-04 2.932655204033787766e-02 9.975000000000000533e-01 8.239999999999999547e-01
5.660982339905335815e-03 3.226639258897522761e-02 9.609999999999999654e-01 8.010000000000000453e-01
7.720419234519659401e-04 2.846592585265923445e-02 9.969999999999999973e-01 8.189999999999999503e-01
2.102721983797501901e-03 2.869025142484977683e-02 9.859999999999999876e-01 8.189999999999999503e-01
3.943468553964085536e-04 2.811959231861752700e-02 1.000000000000000000e+00 8.269999999999999574e-01
1.519220314472109323e-03 3.008066972347637688e-02 9.919999999999999929e-01 8.159999999999999476e-01
8.477012175286655115e-04 2.949609867688062631e-02 9.959999999999999964e-01 8.209999999999999520e-01
4.347250875852828943e-04 2.898524843054090666e-02 9.989999999999999991e-01 8.129999999999999449e-01
5.665337444017474154e-04 2.810845007493958242e-02 9.969999999999999973e-01 8.249999999999999556e-01
9.695361039137126045e-04 2.943545674858950856e-02 9.949999999999999956e-01 8.169999999999999485e-01
9.059700417507198260e-04 2.872220814537113781e-02 9.939999999999999947e-01 8.269999999999999574e-01
1.599271565524496355e-03 3.017189885739965036e-02 9.889999999999999902e-01 8.149999999999999467e-01
4.026644024810579277e-04 2.849932453480175792e-02 9.989999999999999991e-01 8.209999999999999520e-01
4.159935739794978771e-03 3.043160746284801974e-02 9.729999999999999760e-01 8.040000000000000480e-01
4.318629312668918687e-04 2.850633094700480777e-02 9.995000000000000551e-01 8.159999999999999476e-01
5.216814614785784086e-04 2.925489657189976264e-02 9.975000000000000533e-01 8.129999999999999449e-01
1.020908035857393502e-03 2.947151181746994475e-02 9.949999999999999956e-01 8.149999999999999467e-01
8.163298036862216009e-04 2.871124530534570340e-02 9.965000000000000524e-01 8.249999999999999556e-01
6.316611167949834349e-03 3.175843461478002061e-02 9.629999999999999671e-01 8.080000000000000515e-01
4.029483316782767814e-04 2.885792762056543781e-02 9.979999999999999982e-01 8.189999999999999503e-01
1.615426873242326858e-03 2.883111062669830790e-02 9.915000000000000480e-01 8.279999999999999583e-01
1.124372633899436416e-03 2.976916281602898923e-02 9.919999999999999929e-01 8.179999999999999494e-01
5.805456794092835396e-03 3.109272715185975797e-02 9.615000000000000213e-01 7.970000000000000417e-01
2.019223078519376876e-03 3.081061687439418106e-02 9.869999999999999885e-01 8.080000000000000515e-01
1.727585264656551029e-03 3.074170744935417893e-02 9.905000000000000471e-01 8.060000000000000497e-01
1.822107056883034634e-03 2.881410505814845785e-02 9.899999999999999911e-01 8.269999999999999574e-01
1.032526754269237753e-03 3.046237196943093334e-02 9.965000000000000524e-01 8.120000000000000551e-01
3.758357651854565373e-04 2.896493122146985219e-02 9.989999999999999991e-01 8.219999999999999529e-01
4.956937863703522566e-03 3.094384420276329734e-02 9.649999999999999689e-01 8.060000000000000497e-01
2.833356666237997912e-03 2.854886227973596480e-02 9.829999999999999849e-01 8.199999999999999512e-01
1.498114266128194611e-03 3.130699836206136955e-02 9.925000000000000488e-01 8.090000000000000524e-01
1.238216123325763113e-03 2.988311685731781173e-02 9.935000000000000497e-01 8.139999999999999458e-01
1.513401622777461918e-03 3.186896673661383100e-02 9.919999999999999929e-01 8.050000000000000488e-01
2.576662117295828829e-03 3.063895189415392212e-02 9.849999999999999867e-01 8.070000000000000506e-01
1.496609902515242535e-03 2.903421520066745004e-02 9.919999999999999929e-01 8.179999999999999494e-01
4.654639370778817608e-04 2.919683056534702267e-02 9.989999999999999991e-01 8.120000000000000551e-01
5.328880143592877637e-04 2.914235354190603325e-02 9.979999999999999982e-01 8.229999999999999538e-01
2.689869445185826251e-04 2.819707869145099757e-02 1.000000000000000000e+00 8.219999999999999529e-01
1.461098987162900553e-03 2.942366451407142300e-02 9.925000000000000488e-01 8.149999999999999467e-01
3.618301356158112208e-04 2.913333089312540244e-02 9.989999999999999991e-01 8.179999999999999494e-01
3.754981895616469126e-04 2.926978875219407583e-02 9.995000000000000551e-01 8.169999999999999485e-01
5.876817117515958228e-03 3.052368390745048218e-02 9.645000000000000240e-01 8.189999999999999503e-01
6.598522904579497356e-04 3.062869043013224588e-02 9.965000000000000524e-01 8.189999999999999503e-01
2.645759519605490927e-04 2.996437420375932734e-02 9.989999999999999991e-01 8.159999999999999476e-01
1.093461314821050359e-04 2.859591426918818916e-02 1.000000000000000000e+00 8.169999999999999485e-01
5.096791166310174221e-04 2.943729394763686114e-02 9.979999999999999982e-01 8.259999999999999565e-01
8.800704623689700919e-04 3.023048950016788555e-02 9.949999999999999956e-01 8.129999999999999449e-01
6.322581890354138584e-04 2.887943136014932410e-02 9.985000000000000542e-01 8.209999999999999520e-01
1.482400352691490416e-03 2.822867598831093824e-02 9.939999999999999947e-01 8.239999999999999547e-01
3.959586541527666966e-04 2.912419038113889594e-02 9.985000000000000542e-01 8.219999999999999529e-01
2.605092560980127735e-04 2.860637794988520055e-02 1.000000000000000000e+00 8.279999999999999583e-01
2.717946425949897588e-04 2.888530444541710998e-02 9.995000000000000551e-01 8.209999999999999520e-01
3.265063427662326682e-04 3.036622070087341418e-02 9.989999999999999991e-01 8.219999999999999529e-01
3.224299066585718625e-03 3.346023106154283333e-02 9.795000000000000373e-01 8.030000000000000471e-01
5.233079797025309973e-04 2.924629963521836740e-02 9.985000000000000542e-01 8.179999999999999494e-01
