9.023297302596972047e-02 9.035005288834040138e-02 2.535000000000000031e-01 2.369999999999999885e-01
8.996266981551875874e-02 9.001178324769576466e-02 3.405000000000000249e-01 3.360000000000000209e-01
8.843180264399252977e-02 8.850256193405774130e-02 3.785000000000000031e-01 3.529999999999999805e-01
8.585514486179722515e-02 8.589741945737056072e-02 3.709999999999999964e-01 3.639999999999999902e-01
8.125078095493194763e-02 8.128589960972190664e-02 4.789999999999999813e-01 4.600000000000000200e-01
7.485477664111332696e-02 7.491448721803410649e-02 4.625000000000000222e-01 4.430000000000000049e-01
6.920129248128507882e-02 6.933383929109314392e-02 5.749999999999999556e-01 5.669999999999999485e-01
6.651706501547526018e-02 6.643569817860814353e-02 5.394999999999999796e-01 5.400000000000000355e-01
6.342563594901375057e-02 6.361747591378777433e-02 6.005000000000000338e-01 5.939999999999999725e-01
5.926008950783326346e-02 5.966971127042865197e-02 6.554999999999999716e-01 6.510000000000000231e-01
5.768297960611044189e-02 5.821973427731706036e-02 6.350000000000000089e-01 6.350000000000000089e-01
5.515792204657964104e-02 5.603819748670319650e-02 6.420000000000000151e-01 6.350000000000000089e-01
5.353033510128142602e-02 5.396534273516729457e-02 6.580000000000000293e-01 6.510000000000000231e-01
5.040027883899422106e-02 5.126400328062147987e-02 7.049999999999999600e-01 7.009999999999999565e-01
4.830434016014488463e-02 4.935440783857947267e-02 6.860000000000000542e-01 6.860000000000000542e-01
4.998010811621462351e-02 5.033018117221825516e-02 6.514999999999999680e-01 6.490000000000000213e-01
4.770904144306942901e-02 4.859800037380912485e-02 6.700000000000000400e-01 6.660000000000000364e-01
4.448468338697785657e-02 4.543479803506197956e-02 6.905000000000000027e-01 6.770000000000000462e-01
4.290942477182492498e-02 4.411977078285630322e-02 7.135000000000000231e-01 7.099999999999999645e-01
4.227491858379601314e-02 4.375474811024305383e-02 7.299999999999999822e-01 7.169999999999999707e-01
4.152702704983544935e-02 4.306849063104374598e-02 7.249999999999999778e-01 7.159999999999999698e-01
4.078193926047801732e-02 4.287413249144404748e-02 7.229999999999999760e-01 6.989999999999999547e-01
3.977315035024921869e-02 4.217747192410530033e-02 7.075000000000000178e-01 6.830000000000000515e-01
3.856966978319407990e-02 4.063599284953035157e-02 7.409999999999999920e-01 7.399999999999999911e-01
3.942789891225824406e-02 4.240631586839960221e-02 7.195000000000000284e-01 6.909999999999999476e-01
3.946206593004630142e-02 4.140665478653451914e-02 7.359999999999999876e-01 7.189999999999999725e-01
3.764091139061961216e-02 4.010689341936733016e-02 7.369999999999999885e-01 7.159999999999999698e-01
3.862933443169125347e-02 4.106117846200531968e-02 7.159999999999999698e-01 6.949999999999999512e-01
3.849857155054164926e-02 4.117066487926641927e-02 7.335000000000000409e-01 7.079999999999999627e-01
3.602188027223812705e-02 3.892051965035257105e-02 7.570000000000000062e-01 7.349999999999999867e-01
3.783023831254779534e-02 4.078963787295954851e-02 7.574999999999999512e-01 7.259999999999999787e-01
3.777722842188489111e-02 4.199330604730468208e-02 7.315000000000000391e-01 6.840000000000000524e-01
3.709335076217955968e-02 4.054132595551687701e-02 7.504999999999999449e-01 7.059999999999999609e-01
3.543348150573176480e-02 3.874991085516200917e-02 7.594999999999999529e-01 7.429999999999999938e-01
3.536061186882577534e-02 3.827294498998335542e-02 7.530000000000000027e-01 7.329999999999999849e-01
3.532003723007166168e-02 3.852999351977489523e-02 7.644999999999999574e-01 7.349999999999999867e-01
3.375087667036506117e-02 3.720520204691688676e-02 7.710000000000000187e-01 7.429999999999999938e-01
3.421402750964345346e-02 3.769874439072797012e-02 7.700000000000000178e-01 7.489999999999999991e-01
3.436911299634894112e-02 3.808365530182590553e-02 7.770000000000000240e-01 7.590000000000000080e-01
3.351603320763493071e-02 3.732404523172555555e-02 7.734999999999999654e-01 7.439999999999999947e-01
3.290306437434749320e-02 3.664636894714000392e-02 7.720000000000000195e-01 7.510000000000000009e-01
3.498584513956329300e-02 3.888757529845313088e-02 7.884999999999999787e-01 7.500000000000000000e-01
3.358561960414902653e-02 3.680053983937232182e-02 7.734999999999999654e-01 7.409999999999999920e-01
3.504062190932025894e-02 3.883340782377467382e-02 7.784999999999999698e-01 7.469999999999999973e-01
3.314134921322374472e-02 3.727193492456622875e-02 7.824999999999999734e-01 7.600000000000000089e-01
3.280921889123290802e-02 3.653703427864948838e-02 7.800000000000000266e-01 7.510000000000000009e-01
3.294231224765514082e-02 3.692284669835135813e-02 7.830000000000000293e-01 7.479999999999999982e-01
3.365488500622576540e-02 3.760872772157029809e-02 7.844999999999999751e-01 7.600000000000000089e-01
3.295548228514056516e-02 3.699192555830924101e-02 7.840000000000000302e-01 7.550000000000000044e-01
3.397229146133247391e-02 3.762943373170268141e-02 7.700000000000000178e-01 7.459999999999999964e-01
3.215278847432888332e-02 3.638222417876196130e-02 7.874999999999999778e-01 7.610000000000000098e-01
3.257398516935648691e-02 3.713501508951198848e-02 7.914999999999999813e-01 7.500000000000000000e-01
3.173923132736011093e-02 3.638860941763317342e-02 7.930000000000000382e-01 7.620000000000000107e-01
3.298564209092901683e-02 3.784936669706259749e-02 7.860000000000000320e-01 7.530000000000000027e-01
3.249567460804528990e-02 3.693257625052748239e-02 7.974999999999999867e-01 7.500000000000000000e-01
3.173517311062865054e-02 3.645841365244980453e-02 7.984999999999999876e-01 7.680000000000000160e-01
3.158824166553391571e-02 3.639400104884562420e-02 7.920000000000000373e-01 7.560000000000000053e-01
3.063850764935244220e-02 3.507290436661767569e-02 7.924999999999999822e-01 7.580000000000000071e-01
3.122956705115009432e-02 3.589219631582794834e-02 8.000000000000000444e-01 7.680000000000000160e-01
3.140526929679716972e-02 3.611224511650661106e-02 7.960000000000000409e-01 7.540000000000000036e-01
3.120307958713985225e-02 3.588562170571148874e-02 8.000000000000000444e-01 7.640000000000000124e-01
3.052893224845703440e-02 3.525921690972362577e-02 7.954999999999999849e-01 7.610000000000000098e-01
2.965794964278401294e-02 3.471074376233713316e-02 8.165000000000000036e-01 7.710000000000000187e-01
3.169119831511298113e-02 3.650111150276074551e-02 7.980000000000000426e-01 7.690000000000000169e-01
3.252368705964253648e-02 3.765995962422351989e-02 7.940000000000000391e-01 7.550000000000000044e-01
3.362222104534300787e-02 3.866896384681179494e-02 7.760000000000000231e-01 7.419999999999999929e-01
3.113512275029356111e-02 3.632398991983091380e-02 7.990000000000000435e-01 7.580000000000000071e-01
3.015950611306104576e-02 3.531823057364915502e-02 8.010000000000000453e-01 7.590000000000000080e-01
3.049448800129325732e-02 3.585572942121621753e-02 8.004999999999999893e-01 7.580000000000000071e-01
3.202799606168864333e-02 3.641414955317438806e-02 7.780000000000000249e-01 7.469999999999999973e-01
3.053625765596685790e-02 3.601013235436147791e-02 7.940000000000000391e-01 7.560000000000000053e-01
2.914051461133142229e-02 3.483322577826321320e-02 8.265000000000000124e-01 7.740000000000000213e-01
3.032827171278139680e-02 3.543561878666291048e-02 7.904999999999999805e-01 7.570000000000000062e-01
2.872756373045494416e-02 3.407437887741348453e-02 8.120000000000000551e-01 7.680000000000000160e-01
2.859680360802528340e-02 3.392019300969069395e-02 8.090000000000000524e-01 7.660000000000000142e-01
2.968145619440819630e-02 3.482915529631711721e-02 7.960000000000000409e-01 7.510000000000000009e-01
2.971514886330582639e-02 3.476148274251301962e-02 8.044999999999999929e-01 7.700000000000000178e-01
2.953390548189328141e-02 3.446443653686052933e-02 8.014999999999999902e-01 7.650000000000000133e-01
3.019356966515990628e-02 3.589467690834350494e-02 8.034999999999999920e-01 7.580000000000000071e-01
2.833124333869715267e-02 3.354341172181756620e-02 8.094999999999999973e-01 7.660000000000000142e-01
2.971446047213308420e-02 3.529308393159649032e-02 7.994999999999999885e-01 7.550000000000000044e-01
2.772013065925181194e-02 3.350406171120795529e-02 8.229999999999999538e-01 7.700000000000000178e-01
2.843794059776053040e-02 3.415367893701606178e-02 8.165000000000000036e-01 7.760000000000000231e-01
2.742123384046341386e-02 3.286895814960266726e-02 8.155000000000000027e-01 7.740000000000000213e-01
2.818922915316597957e-02 3.387263233500167198e-02 8.114999999999999991e-01 7.610000000000000098e-01
2.781607337023768792e-02 3.398235382673513855e-02 8.259999999999999565e-01 7.690000000000000169e-01
2.759896587361305303e-02 3.401502450528693516e-02 8.359999999999999654e-01 7.780000000000000249e-01
2.878870292291300578e-02 3.442116516911224167e-02 8.090000000000000524e-01 7.630000000000000115e-01
2.825487448344640024e-02 3.415344796896123414e-02 8.165000000000000036e-01 7.690000000000000169e-01
2.877896327223376793e-02 3.460143103479319110e-02 8.179999999999999494e-01 7.700000000000000178e-01
2.700731717458665360e-02 3.278861180141004472e-02 8.239999999999999547e-01 7.830000000000000293e-01
2.860862350217547451e-02 3.437004107916072360e-02 8.080000000000000515e-01 7.680000000000000160e-01
2.692322510885790041e-02 3.264774620926463172e-02 8.235000000000000098e-01 7.780000000000000249e-01
2.741997226351281652e-02 3.325224423149557296e-02 8.129999999999999449e-01 7.680000000000000160e-01
2.875016400487937288e-02 3.471067618436639302e-02 8.110000000000000542e-01 7.650000000000000133e-01
2.755229064759839863e-02 3.367159534367381024e-02 8.195000000000000062e-01 7.740000000000000213e-01
2.783711468310479109e-02 3.381739927112372562e-02 8.120000000000000551e-01 7.760000000000000231e-01
2.717039853305682276e-02 3.299383364869253737e-02 8.145000000000000018e-01 7.850000000000000311e-01
2.771109817547163026e-02 3.391954494694027211e-02 8.185000000000000053e-01 7.790000000000000258e-01
2.748939608800126180e-02 3.405104688650872208e-02 8.199999999999999512e-01 7.790000000000000258e-01
2.821096083701942273e-02 3.442190998172314775e-02 8.229999999999999538e-01 7.700000000000000178e-01
2.814335930971606156e-02 3.445794389696601318e-02 8.239999999999999547e-01 7.700000000000000178e-01
2.857454918541159350e-02 3.482802468138635615e-02 8.120000000000000551e-01 7.630000000000000115e-01
2.770029268135948408e-02 3.381379292713116574e-02 8.185000000000000053e-01 7.760000000000000231e-01
2.826927366315291554e-02 3.380854254479773169e-02 8.125000000000000000e-01 7.720000000000000195e-01
2.718657666064285688e-02 3.289534073322847307e-02 8.165000000000000036e-01 7.780000000000000249e-01
2.620774149111903054e-02 3.251923526353472926e-02 8.269999999999999574e-01 7.760000000000000231e-01
2.681199225334341893e-02 3.270395477008686963e-02 8.215000000000000080e-01 7.800000000000000266e-01
2.663898912953284112e-02 3.325284524388012058e-02 8.355000000000000204e-01 7.780000000000000249e-01
2.714698138943640385e-02 3.342986609587694780e-02 8.199999999999999512e-01 7.680000000000000160e-01
2.697516514639680674e-02 3.324059459921589743e-02 8.245000000000000107e-01 7.850000000000000311e-01
2.747588127016155693e-02 3.390971372099042813e-02 8.209999999999999520e-01 7.740000000000000213e-01
2.806419544247449813e-02 3.461694663241952907e-02 8.159999999999999476e-01 7.620000000000000107e-01
2.639309254892551262e-02 3.319829570512251860e-02 8.359999999999999654e-01 7.900000000000000355e-01
2.661554670290320126e-02 3.299994968160634146e-02 8.275000000000000133e-01 7.780000000000000249e-01
2.810074950335501170e-02 3.406820303959434693e-02 8.165000000000000036e-01 7.670000000000000151e-01
2.728202692626559289e-02 3.359558317200845440e-02 8.235000000000000098e-01 7.830000000000000293e-01
2.551001580891944925e-02 3.210027571170381150e-02 8.375000000000000222e-01 7.840000000000000302e-01
2.723946467545576913e-02 3.359051538935296788e-02 8.189999999999999503e-01 7.740000000000000213e-01
2.730142319627659742e-02 3.375950591963305936e-02 8.199999999999999512e-01 7.780000000000000249e-01
2.560416973403026319e-02 3.239990948902742723e-02 8.415000000000000258e-01 7.870000000000000329e-01
2.621964608031605512e-02 3.260926852810729082e-02 8.275000000000000133e-01 7.770000000000000240e-01
2.680715780573580259e-02 3.341785008033183735e-02 8.325000000000000178e-01 7.880000000000000338e-01
2.665472656425944831e-02 3.342665665876071168e-02 8.259999999999999565e-01 7.750000000000000222e-01
2.558944215855877766e-02 3.211660074859268299e-02 8.389999999999999680e-01 7.840000000000000302e-01
2.705793435492399868e-02 3.387901935750003285e-02 8.255000000000000115e-01 7.780000000000000249e-01
2.492459925782133587e-02 3.204672573205485930e-02 8.399999999999999689e-01 7.900000000000000355e-01
2.545021156146503802e-02 3.157940023094657489e-02 8.299999999999999600e-01 7.820000000000000284e-01
2.658224863766408402e-02 3.320280059187916827e-02 8.319999999999999618e-01 7.810000000000000275e-01
2.670695305086989019e-02 3.309299053292956427e-02 8.245000000000000107e-01 7.830000000000000293e-01
2.735769176258392998e-02 3.463811872460024338e-02 8.315000000000000169e-01 7.770000000000000240e-01
2.590299487857207483e-02 3.245559031837714353e-02 8.295000000000000151e-01 7.810000000000000275e-01
2.532626296014876821e-02 3.226234932883204065e-02 8.375000000000000222e-01 7.900000000000000355e-01
2.588683493574088848e-02 3.291761777953396140e-02 8.325000000000000178e-01 7.890000000000000346e-01
2.727928065341774996e-02 3.456578409686205527e-02 8.249999999999999556e-01 7.800000000000000266e-01
2.640001649740809572e-02 3.312514454228537158e-02 8.319999999999999618e-01 7.780000000000000249e-01
2.525783545987681997e-02 3.200102555704707058e-02 8.409999999999999698e-01 7.910000000000000364e-01
2.539749398876699205e-02 3.204543229679142347e-02 8.379999999999999671e-01 7.840000000000000302e-01
2.582556090851077096e-02 3.283584828334212835e-02 8.259999999999999565e-01 7.850000000000000311e-01
2.617993382512542530e-02 3.290474449172552801e-02 8.295000000000000151e-01 7.770000000000000240e-01
2.520548168399289884e-02 3.180190824538829675e-02 8.409999999999999698e-01 7.900000000000000355e-01
2.454366487448506745e-02 3.114142673923266796e-02 8.479999999999999760e-01 7.950000000000000400e-01
2.512889705330828907e-02 3.173301707157369367e-02 8.319999999999999618e-01 7.880000000000000338e-01
2.585268404354004040e-02 3.230291853557702708e-02 8.329999999999999627e-01 7.840000000000000302e-01
2.550485075157134240e-02 3.231605325161204800e-02 8.295000000000000151e-01 7.880000000000000338e-01
2.537060139703854744e-02 3.238012920654852189e-02 8.389999999999999680e-01 7.820000000000000284e-01
2.681075619295217663e-02 3.363593192774468749e-02 8.315000000000000169e-01 7.810000000000000275e-01
2.491396492482347846e-02 3.241599914333460203e-02 8.439999999999999725e-01 7.870000000000000329e-01
2.553765993475909379e-02 3.259975747559801240e-02 8.359999999999999654e-01 7.870000000000000329e-01
2.492158232609601939e-02 3.202603412046264864e-02 8.419999999999999707e-01 7.770000000000000240e-01
2.466827711625136157e-02 3.173119561529344490e-02 8.459999999999999742e-01 7.920000000000000373e-01
2.544550098728053794e-02 3.215478862411084993e-02 8.409999999999999698e-01 7.880000000000000338e-01
2.508682612799270281e-02 3.232199970390187138e-02 8.469999999999999751e-01 7.890000000000000346e-01
2.580766561789716446e-02 3.312458967032808066e-02 8.339999999999999636e-01 7.860000000000000320e-01
2.436442359175571698e-02 3.172246904938085671e-02 8.495000000000000329e-01 7.880000000000000338e-01
2.505228730210416754e-02 3.195298956978741278e-02 8.355000000000000204e-01 7.820000000000000284e-01
2.465767800264404008e-02 3.206578526733101786e-02 8.475000000000000311e-01 7.920000000000000373e-01
2.571207459312987997e-02 3.276263094115149099e-02 8.305000000000000160e-01 7.850000000000000311e-01
2.399284058279742976e-02 3.137720784370696264e-02 8.525000000000000355e-01 7.920000000000000373e-01
2.452669840360699113e-02 3.165673149536001735e-02 8.489999999999999769e-01 7.940000000000000391e-01
2.381568058475947922e-02 3.117488810383881731e-02 8.565000000000000391e-01 7.990000000000000435e-01
2.412192601202887976e-02 3.149062511182319085e-02 8.429999999999999716e-01 7.920000000000000373e-01
2.407107206853153700e-02 3.165306716293290329e-02 8.499999999999999778e-01 7.940000000000000391e-01
2.466705018428678661e-02 3.126459632875081690e-02 8.349999999999999645e-01 7.880000000000000338e-01
2.626693521792418384e-02 3.316658391334958988e-02 8.275000000000000133e-01 7.710000000000000187e-01
2.470229353039857592e-02 3.276973726092739098e-02 8.479999999999999760e-01 7.820000000000000284e-01
2.464597442835672614e-02 3.204100784325978474e-02 8.505000000000000338e-01 7.890000000000000346e-01
2.512768782319335995e-02 3.252467393026997611e-02 8.445000000000000284e-01 7.860000000000000320e-01
2.475731856092314165e-02 3.198703791750275721e-02 8.435000000000000275e-01 7.930000000000000382e-01
2.384446592747004739e-02 3.137695402900506081e-02 8.505000000000000338e-01 7.910000000000000364e-01
2.452632030770840119e-02 3.216852795569590667e-02 8.525000000000000355e-01 7.980000000000000426e-01
2.435120601644634800e-02 3.177117934748098504e-02 8.429999999999999716e-01 7.890000000000000346e-01
2.441297344814775949e-02 3.137311885440301207e-02 8.465000000000000302e-01 7.940000000000000391e-01
2.457279344374682303e-02 3.173690621164844405e-02 8.455000000000000293e-01 7.810000000000000275e-01
2.481352806394394872e-02 3.196482166659261881e-02 8.399999999999999689e-01 7.900000000000000355e-01
2.489051781249908626e-02 3.279962294120045141e-02 8.459999999999999742e-01 7.910000000000000364e-01
2.446977712135402910e-02 3.172852891420369081e-02 8.419999999999999707e-01 7.890000000000000346e-01
2.473936160105590087e-02 3.201735347896682293e-02 8.385000000000000231e-01 7.900000000000000355e-01
2.388673067954900919e-02 3.113031875411198177e-02 8.399999999999999689e-01 7.850000000000000311e-01
2.499829635857833687e-02 3.325965338843184238e-02 8.389999999999999680e-01 7.730000000000000204e-01
2.422927471787963971e-02 3.210650580126772624e-02 8.425000000000000266e-01 7.880000000000000338e-01
2.417670345717950336e-02 3.195876722773371287e-02 8.419999999999999707e-01 7.920000000000000373e-01
2.386322716557191803e-02 3.156684128145740426e-02 8.605000000000000426e-01 8.000000000000000444e-01
2.362896966216752187e-02 3.181176739020153549e-02 8.505000000000000338e-01 7.900000000000000355e-01
2.372953299840842301e-02 3.124040581981622766e-02 8.499999999999999778e-01 7.980000000000000426e-01
2.531940336370529232e-02 3.318267527888584673e-02 8.475000000000000311e-01 7.950000000000000400e-01
2.423301705745468243e-02 3.151887858096513728e-02 8.455000000000000293e-01 7.940000000000000391e-01
2.351356621397882388e-02 3.151991022476444138e-02 8.529999999999999805e-01 7.970000000000000417e-01
2.455941962124383315e-02 3.235571039462978998e-02 8.415000000000000258e-01 7.870000000000000329e-01
2.255066555797150679e-02 3.031605463132339487e-02 8.565000000000000391e-01 7.970000000000000417e-01
2.333589848936786643e-02 3.046339976189913618e-02 8.519999999999999796e-01 7.950000000000000400e-01
2.332151075972557774e-02 3.095757054519909443e-02 8.469999999999999751e-01 7.940000000000000391e-01
2.394270193662533658e-02 3.199387775676084539e-02 8.505000000000000338e-01 7.930000000000000382e-01
2.559543523167842963e-02 3.361598263456351543e-02 8.315000000000000169e-01 7.660000000000000142e-01
2.305521465990507599e-02 3.052314298927102584e-02 8.509999999999999787e-01 7.990000000000000435e-01
2.276450272291154903e-02 3.065057873453947562e-02 8.605000000000000426e-01 7.980000000000000426e-01
2.282527698999119864e-02 3.066567181065979475e-02 8.525000000000000355e-01 7.920000000000000373e-01
2.396691348120473866e-02 3.171901267344510306e-02 8.509999999999999787e-01 7.900000000000000355e-01
2.303293900934074226e-02 3.115350045915576960e-02 8.519999999999999796e-01 7.900000000000000355e-01
2.402977998361127340e-02 3.172956573312437495e-02 8.515000000000000346e-01 7.920000000000000373e-01
2.242086913637421006e-02 3.043032008279709585e-02 8.579999999999999849e-01 7.970000000000000417e-01
2.361096541970199997e-02 3.196266486072055213e-02 8.515000000000000346e-01 7.960000000000000409e-01
2.273011388368293556e-02 3.073522115322791307e-02 8.585000000000000409e-01 7.980000000000000426e-01
2.314135897749143578e-02 3.130363935699087552e-02 8.505000000000000338e-01 7.900000000000000355e-01
2.325529457653225524e-02 3.092054195287228038e-02 8.615000000000000435e-01 8.000000000000000444e-01
2.340181021121714652e-02 3.121264594287299562e-02 8.589999999999999858e-01 7.980000000000000426e-01
2.338716311508854187e-02 3.119842276702808684e-02 8.495000000000000329e-01 7.920000000000000373e-01
2.345789625693082622e-02 3.176492779844591885e-02 8.559999999999999831e-01 7.940000000000000391e-01
2.350771586677899427e-02 3.122675330194076698e-02 8.519999999999999796e-01 7.940000000000000391e-01
2.299856482988847997e-02 3.118097993185790437e-02 8.559999999999999831e-01 7.940000000000000391e-01
2.272526497374216872e-02 3.063090182209356888e-02 8.599999999999999867e-01 7.930000000000000382e-01
2.338831420962617438e-02 3.188546566569795682e-02 8.489999999999999769e-01 7.890000000000000346e-01
2.238971676208773715e-02 3.076414758583861236e-02 8.625000000000000444e-01 8.000000000000000444e-01
2.325238216925057388e-02 3.160179227438727340e-02 8.549999999999999822e-01 7.970000000000000417e-01
2.301013472447065861e-02 3.099720104057725537e-02 8.509999999999999787e-01 7.900000000000000355e-01
2.287749003104664128e-02 3.118193723892613220e-02 8.539999999999999813e-01 7.880000000000000338e-01
2.339557750503034467e-02 3.107561089340778182e-02 8.479999999999999760e-01 7.870000000000000329e-01
2.258024077059550896e-02 3.087289233640881300e-02 8.555000000000000382e-01 7.950000000000000400e-01
2.281666263669225245e-02 3.135492854650384631e-02 8.609999999999999876e-01 7.960000000000000409e-01
2.174053562056552785e-02 2.978471975698822674e-02 8.645000000000000462e-01 7.980000000000000426e-01
2.440498330043852637e-02 3.297438969996818736e-02 8.505000000000000338e-01 7.930000000000000382e-01
2.350409464880764618e-02 3.224270797084886897e-02 8.565000000000000391e-01 7.850000000000000311e-01
2.288022802794118307e-02 3.131802905372942092e-02 8.555000000000000382e-01 7.960000000000000409e-01
2.234877402447775843e-02 3.086664463272099923e-02 8.595000000000000417e-01 7.910000000000000364e-01
2.313165436817311502e-02 3.086535596307185894e-02 8.465000000000000302e-01 7.920000000000000373e-01
2.200603371497411587e-02 3.014419782515046289e-02 8.609999999999999876e-01 7.970000000000000417e-01
2.268483524871008419e-02 3.118272166749220045e-02 8.625000000000000444e-01 7.980000000000000426e-01
2.370183713758310107e-02 3.249676290698327863e-02 8.595000000000000417e-01 7.920000000000000373e-01
2.260624892385602186e-02 3.124956666416020892e-02 8.595000000000000417e-01 7.920000000000000373e-01
2.410277462451022867e-02 3.253588353561644164e-02 8.529999999999999805e-01 7.980000000000000426e-01
2.237741222781628597e-02 3.069051999365793662e-02 8.589999999999999858e-01 7.950000000000000400e-01
2.186812190411919002e-02 3.049109258466332212e-02 8.595000000000000417e-01 7.920000000000000373e-01
2.337238240363249259e-02 3.201345748449507811e-02 8.605000000000000426e-01 8.010000000000000453e-01
2.210599935606225724e-02 3.048219779743892646e-02 8.635000000000000453e-01 7.970000000000000417e-01
2.246550652463153580e-02 3.093819719095652551e-02 8.575000000000000400e-01 7.990000000000000435e-01
2.255550759567214944e-02 3.125215131425852083e-02 8.555000000000000382e-01 7.890000000000000346e-01
2.379500714615039036e-02 3.184258918594316812e-02 8.435000000000000275e-01 7.810000000000000275e-01
2.240171976210215271e-02 3.107864109718421614e-02 8.585000000000000409e-01 7.930000000000000382e-01
2.280572282278525362e-02 3.078216988625515418e-02 8.475000000000000311e-01 7.890000000000000346e-01
2.278511992288750204e-02 3.067310325803874679e-02 8.565000000000000391e-01 7.920000000000000373e-01
2.199430249653393579e-02 3.034579022671650417e-02 8.565000000000000391e-01 7.940000000000000391e-01
2.334046769615775313e-02 3.163963879941685681e-02 8.419999999999999707e-01 7.810000000000000275e-01
2.171160366540795389e-02 3.008287973736145302e-02 8.599999999999999867e-01 7.940000000000000391e-01
2.238148300672972504e-02 3.048749715709470412e-02 8.529999999999999805e-01 7.960000000000000409e-01
2.194925171686229123e-02 3.008134809471963572e-02 8.619999999999999885e-01 7.990000000000000435e-01
2.195249823205326287e-02 3.064758553504565164e-02 8.595000000000000417e-01 7.950000000000000400e-01
2.172583908267915545e-02 3.040827830232721574e-02 8.649999999999999911e-01 7.950000000000000400e-01
2.190375608810934266e-02 3.074121464771823603e-02 8.599999999999999867e-01 7.880000000000000338e-01
2.301931779281811766e-02 3.104296089741941794e-02 8.535000000000000364e-01 8.000000000000000444e-01
2.259175696724017787e-02 3.109322476947029221e-02 8.575000000000000400e-01 7.990000000000000435e-01
2.272254345258492222e-02 3.161707908304278725e-02 8.539999999999999813e-01 7.910000000000000364e-01
2.254807597111071690e-02 3.120839326850730761e-02 8.585000000000000409e-01 7.940000000000000391e-01
2.251424656217616144e-02 3.096808006169766286e-02 8.555000000000000382e-01 7.970000000000000417e-01
2.296567806793418584e-02 3.162723399767743138e-02 8.505000000000000338e-01 7.900000000000000355e-01
2.376321169483086235e-02 3.287613010015359022e-02 8.509999999999999787e-01 7.900000000000000355e-01
2.247282472358490268e-02 3.123428840985039909e-02 8.635000000000000453e-01 7.950000000000000400e-01
2.283007943185065905e-02 3.085800863483465981e-02 8.485000000000000320e-01 7.910000000000000364e-01
2.164044015307994839e-02 3.008625229711912527e-02 8.665000000000000480e-01 7.970000000000000417e-01
2.207388937482928498e-02 3.121922324321643044e-02 8.625000000000000444e-01 7.940000000000000391e-01
2.194394057568356884e-02 3.065029835855105980e-02 8.629999999999999893e-01 7.960000000000000409e-01
2.302784020342293556e-02 3.166880121685202581e-02 8.525000000000000355e-01 7.910000000000000364e-01
2.306989071387809467e-02 3.153506664444491459e-02 8.495000000000000329e-01 7.910000000000000364e-01
2.327289284190650967e-02 3.167730207212657995e-02 8.419999999999999707e-01 7.860000000000000320e-01
2.168855758868536848e-02 3.041985334230977792e-02 8.645000000000000462e-01 8.020000000000000462e-01
2.176089271122605764e-02 3.059949143862688084e-02 8.595000000000000417e-01 7.990000000000000435e-01
2.177516236869935992e-02 3.061867400270523384e-02 8.689999999999999947e-01 7.990000000000000435e-01
2.241939844521192646e-02 3.155636871886797340e-02 8.625000000000000444e-01 7.990000000000000435e-01
2.334903223696106755e-02 3.227517084870350217e-02 8.509999999999999787e-01 7.910000000000000364e-01
2.206480511319607041e-02 3.057469942904512614e-02 8.575000000000000400e-01 7.920000000000000373e-01
2.215854825253663410e-02 3.105370930817335715e-02 8.639999999999999902e-01 7.900000000000000355e-01
2.208552570995623437e-02 3.157278811570059240e-02 8.605000000000000426e-01 7.890000000000000346e-01
2.181304844693845654e-02 3.050486576829725474e-02 8.629999999999999893e-01 8.010000000000000453e-01
2.129525847980949516e-02 2.984229438249413544e-02 8.669999999999999929e-01 8.010000000000000453e-01
2.139695660359966153e-02 3.029330833942713019e-02 8.655000000000000471e-01 8.010000000000000453e-01
2.175546785094682745e-02 3.035224340660832437e-02 8.585000000000000409e-01 7.990000000000000435e-01
2.206334841174456898e-02 3.067899455854335503e-02 8.595000000000000417e-01 7.900000000000000355e-01
2.177343456443113501e-02 3.033687750145779363e-02 8.575000000000000400e-01 7.900000000000000355e-01
2.164910031433308138e-02 3.036403504960470678e-02 8.649999999999999911e-01 8.020000000000000462e-01
2.199172752321576496e-02 3.102923731432593452e-02 8.750000000000000000e-01 8.000000000000000444e-01
2.248690957170584176e-02 3.087000201978608652e-02 8.505000000000000338e-01 7.910000000000000364e-01
2.133495850844470756e-02 3.001401364024505400e-02 8.669999999999999929e-01 8.030000000000000471e-01
2.160201806014652032e-02 3.005666089354000481e-02 8.619999999999999885e-01 7.970000000000000417e-01
2.191381396589782427e-02 3.085527466434497684e-02 8.669999999999999929e-01 8.020000000000000462e-01
2.193998202601167916e-02 3.092328683318767285e-02 8.629999999999999893e-01 7.950000000000000400e-01
2.241808090567246406e-02 3.069923914955176650e-02 8.609999999999999876e-01 7.980000000000000426e-01
2.162913348642048553e-02 3.059606781939728029e-02 8.675000000000000488e-01 7.990000000000000435e-01
2.127239534373205621e-02 3.014238302955615789e-02 8.689999999999999947e-01 7.970000000000000417e-01
2.117289023332504308e-02 3.010633305549351851e-02 8.665000000000000480e-01 7.980000000000000426e-01
2.123277019827609843e-02 2.961716833593979956e-02 8.639999999999999902e-01 8.010000000000000453e-01
2.175129193039564493e-02 3.032881361908633736e-02 8.599999999999999867e-01 8.000000000000000444e-01
2.116364562097861057e-02 3.011348927375568849e-02 8.669999999999999929e-01 8.020000000000000462e-01
2.155184317740477251e-02 3.075069028478627509e-02 8.679999999999999938e-01 7.980000000000000426e-01
2.120447164327876957e-02 3.015937351109151260e-02 8.695000000000000506e-01 7.980000000000000426e-01
2.079504746736444629e-02 2.949988846226515166e-02 8.669999999999999929e-01 7.990000000000000435e-01
2.088476185580138977e-02 2.989551975177370813e-02 8.739999999999999991e-01 8.040000000000000480e-01
2.377029675267569239e-02 3.244242006614023871e-02 8.429999999999999716e-01 7.840000000000000302e-01
2.084832568329710381e-02 2.944296415778437787e-02 8.645000000000000462e-01 8.040000000000000480e-01
2.304355210009800814e-02 3.147704456376000659e-02 8.559999999999999831e-01 7.920000000000000373e-01
2.132865053043533909e-02 3.026141909404998429e-02 8.649999999999999911e-01 7.960000000000000409e-01
2.055206080326368867e-02 2.943963220738407202e-02 8.665000000000000480e-01 7.970000000000000417e-01
2.134006577479701308e-02 3.049424245675428496e-02 8.685000000000000497e-01 7.990000000000000435e-01
2.085333442854129388e-02 2.973122047020173089e-02 8.669999999999999929e-01 8.010000000000000453e-01
2.140746858841008002e-02 3.022029392456113475e-02 8.655000000000000471e-01 7.970000000000000417e-01
2.203560510814375414e-02 3.074727896106163594e-02 8.499999999999999778e-01 7.880000000000000338e-01
2.157035672327677414e-02 3.037849320791575700e-02 8.629999999999999893e-01 8.000000000000000444e-01
2.103251817596906575e-02 3.020905586956431493e-02 8.715000000000000524e-01 8.030000000000000471e-01
2.104869760973020545e-02 2.984668457780355333e-02 8.719999999999999973e-01 8.030000000000000471e-01
2.121052722836881677e-02 3.014804875542546198e-02 8.639999999999999902e-01 8.020000000000000462e-01
2.123207547986174712e-02 3.043987178385947415e-02 8.619999999999999885e-01 7.910000000000000364e-01
2.235152180890941087e-02 3.128967753262128226e-02 8.639999999999999902e-01 8.040000000000000480e-01
2.177474712779647187e-02 3.127057430273596367e-02 8.625000000000000444e-01 7.850000000000000311e-01
2.062444348386561696e-02 2.978117479361610392e-02 8.715000000000000524e-01 8.030000000000000471e-01
2.227576507400505501e-02 3.186070037732401800e-02 8.699999999999999956e-01 8.000000000000000444e-01
2.167929026496109857e-02 3.032481145109969592e-02 8.635000000000000453e-01 8.000000000000000444e-01
2.097883543174879767e-02 2.971233801473769504e-02 8.679999999999999938e-01 7.950000000000000400e-01
2.106428075062760988e-02 3.038967105005198691e-02 8.649999999999999911e-01 8.020000000000000462e-01
2.145525726293509919e-02 3.087736650299190838e-02 8.685000000000000497e-01 7.990000000000000435e-01
2.081598878312440268e-02 3.002656700784165841e-02 8.745000000000000551e-01 8.030000000000000471e-01
2.199967660981318532e-02 3.160377164982829806e-02 8.679999999999999938e-01 7.940000000000000391e-01
2.284758972653519460e-02 3.163801310953988366e-02 8.505000000000000338e-01 7.820000000000000284e-01
2.045217608698114350e-02 2.945493729876393421e-02 8.689999999999999947e-01 8.050000000000000488e-01
2.204249616316830002e-02 3.148314677274312301e-02 8.555000000000000382e-01 7.960000000000000409e-01
2.054436730038406572e-02 2.985425930916338344e-02 8.695000000000000506e-01 7.970000000000000417e-01
2.129223484989565748e-02 3.034631888232596636e-02 8.675000000000000488e-01 8.030000000000000471e-01
2.160803758961637316e-02 3.101389310618120690e-02 8.589999999999999858e-01 7.950000000000000400e-01
2.096335577432477046e-02 3.040273990387196840e-02 8.699999999999999956e-01 8.000000000000000444e-01
2.039389238034027690e-02 2.920838821548628686e-02 8.649999999999999911e-01 8.030000000000000471e-01
2.089111168713720171e-02 3.008835168120322159e-02 8.715000000000000524e-01 8.030000000000000471e-01
2.212045459015031523e-02 3.109591196204100974e-02 8.615000000000000435e-01 7.910000000000000364e-01
2.135541478314927077e-02 3.098764754141533281e-02 8.625000000000000444e-01 7.940000000000000391e-01
2.070076877800640716e-02 3.035049385918210316e-02 8.735000000000000542e-01 8.030000000000000471e-01
2.165880677180618760e-02 3.141436777558049426e-02 8.639999999999999902e-01 7.840000000000000302e-01
2.169628495368424587e-02 3.089674401357082184e-02 8.629999999999999893e-01 7.860000000000000320e-01
2.074214896939393510e-02 3.008196064126411259e-02 8.705000000000000515e-01 8.010000000000000453e-01
2.038423010713143191e-02 2.976232656691949960e-02 8.685000000000000497e-01 8.000000000000000444e-01
2.104224332451396645e-02 3.077561709694505085e-02 8.770000000000000018e-01 7.990000000000000435e-01
2.163867098309571468e-02 3.100288896752881676e-02 8.665000000000000480e-01 8.030000000000000471e-01
2.057007197230678944e-02 2.981241478754366112e-02 8.719999999999999973e-01 8.030000000000000471e-01
2.218245169026377556e-02 3.166263746320239353e-02 8.645000000000000462e-01 7.980000000000000426e-01
2.048876701050231230e-02 2.965875681163579469e-02 8.745000000000000551e-01 8.050000000000000488e-01
2.043853056548770170e-02 2.981388104919755616e-02 8.715000000000000524e-01 8.020000000000000462e-01
2.112927357075091578e-02 3.021189889530073031e-02 8.665000000000000480e-01 7.980000000000000426e-01
2.104491705923431863e-02 3.033508553856500978e-02 8.629999999999999893e-01 7.920000000000000373e-01
2.059412276299869837e-02 3.011857388762303328e-02 8.764999999999999458e-01 8.000000000000000444e-01
2.141542422393052578e-02 3.108848626942480736e-02 8.629999999999999893e-01 7.930000000000000382e-01
2.123984140419354905e-02 3.084742154389112992e-02 8.705000000000000515e-01 7.940000000000000391e-01
2.075349788327133724e-02 3.027584019577295865e-02 8.725000000000000533e-01 7.980000000000000426e-01
2.129354425390461714e-02 3.068972842960208253e-02 8.639999999999999902e-01 7.950000000000000400e-01
2.081111267752649638e-02 3.041209974234400371e-02 8.729999999999999982e-01 8.000000000000000444e-01
2.069084967580125597e-02 3.026205972918776313e-02 8.760000000000000009e-01 8.060000000000000497e-01
2.109801255066791684e-02 3.049211184274246839e-02 8.719999999999999973e-01 8.030000000000000471e-01
1.996993522788264100e-02 2.930752398700783509e-02 8.754999999999999449e-01 8.060000000000000497e-01
2.104535283166025436e-02 3.043086039848869398e-02 8.715000000000000524e-01 8.030000000000000471e-01
2.210119854716918741e-02 3.166771018287774936e-02 8.649999999999999911e-01 7.950000000000000400e-01
2.068269970384335743e-02 2.980417042423795168e-02 8.689999999999999947e-01 8.060000000000000497e-01
2.066002382154586217e-02 3.001559302942903226e-02 8.729999999999999982e-01 8.020000000000000462e-01
2.116247960822822266e-02 3.062830511760860144e-02 8.699999999999999956e-01 7.960000000000000409e-01
2.069831275908761217e-02 3.010851739340617353e-02 8.709999999999999964e-01 8.050000000000000488e-01
2.114733730870372100e-02 3.106254742355386150e-02 8.689999999999999947e-01 7.900000000000000355e-01
2.081911186512331799e-02 2.989018172356305847e-02 8.645000000000000462e-01 8.020000000000000462e-01
2.069783034438679378e-02 2.990604016991805364e-02 8.669999999999999929e-01 7.980000000000000426e-01
2.191819768408288446e-02 3.165935659021153897e-02 8.629999999999999893e-01 7.930000000000000382e-01
2.020866363078399272e-02 2.933120939807287719e-02 8.729999999999999982e-01 8.040000000000000480e-01
2.129562075739137653e-02 3.076932040082567751e-02 8.625000000000000444e-01 7.930000000000000382e-01
2.069260068185699991e-02 2.983677427081971728e-02 8.669999999999999929e-01 7.980000000000000426e-01
2.082199520779306340e-02 3.008910898356123922e-02 8.655000000000000471e-01 7.940000000000000391e-01
2.070434969106346029e-02 3.042563873465535529e-02 8.709999999999999964e-01 8.000000000000000444e-01
2.083210252977898622e-02 3.045132004904970227e-02 8.750000000000000000e-01 7.990000000000000435e-01
2.017951159967994179e-02 2.979545233140720034e-02 8.719999999999999973e-01 7.940000000000000391e-01
2.023459664327957944e-02 2.999755896777946823e-02 8.764999999999999458e-01 8.020000000000000462e-01
2.125112403558635302e-02 3.133598039320290018e-02 8.685000000000000497e-01 7.930000000000000382e-01
2.113080241080701749e-02 3.066738835599955998e-02 8.675000000000000488e-01 7.930000000000000382e-01
2.041874161667527401e-02 2.983447861255025813e-02 8.675000000000000488e-01 8.000000000000000444e-01
2.044375188688114797e-02 3.016451126505910463e-02 8.729999999999999982e-01 8.040000000000000480e-01
2.126776161023063300e-02 3.106915589221405719e-02 8.669999999999999929e-01 7.960000000000000409e-01
2.063949034093027005e-02 2.994251099066948599e-02 8.719999999999999973e-01 8.010000000000000453e-01
1.984819578997124717e-02 2.940289218085249956e-02 8.760000000000000009e-01 7.990000000000000435e-01
1.997050823917330409e-02 2.961330052268593832e-02 8.739999999999999991e-01 8.040000000000000480e-01
2.108197402264236353e-02 3.053510166017230076e-02 8.685000000000000497e-01 7.970000000000000417e-01
1.952706734406071259e-02 2.930005714538033712e-02 8.764999999999999458e-01 7.990000000000000435e-01
1.990598720983903849e-02 2.968112287009677316e-02 8.804999999999999494e-01 7.980000000000000426e-01
2.105570979208082338e-02 3.083653980942792708e-02 8.699999999999999956e-01 8.010000000000000453e-01
2.031753420177894939e-02 3.008486687223827297e-02 8.774999999999999467e-01 8.020000000000000462e-01
2.041455678657937145e-02 2.990275529629893639e-02 8.774999999999999467e-01 8.080000000000000515e-01
2.040020170995215931e-02 3.008317429820925315e-02 8.770000000000000018e-01 8.010000000000000453e-01
2.048422662128036170e-02 3.042557503450754597e-02 8.715000000000000524e-01 8.000000000000000444e-01
1.991751639257083664e-02 2.992222336372087760e-02 8.709999999999999964e-01 7.970000000000000417e-01
2.159197774910201137e-02 3.106930574267573880e-02 8.745000000000000551e-01 7.990000000000000435e-01
2.049475725002054827e-02 3.051271453894411831e-02 8.780000000000000027e-01 7.970000000000000417e-01
2.059298558624724287e-02 2.997371725686379107e-02 8.709999999999999964e-01 8.030000000000000471e-01
2.034583654783996345e-02 3.001254070657871642e-02 8.800000000000000044e-01 8.060000000000000497e-01
2.000042266793657791e-02 2.974201580103192494e-02 8.695000000000000506e-01 7.990000000000000435e-01
2.039936434582623540e-02 2.977458757765660824e-02 8.649999999999999911e-01 8.010000000000000453e-01
2.191937495634157032e-02 3.221880021408372180e-02 8.639999999999999902e-01 7.900000000000000355e-01
2.003157701204164379e-02 2.976815775317975463e-02 8.754999999999999449e-01 8.040000000000000480e-01
2.036956964067833734e-02 2.989530520253165513e-02 8.685000000000000497e-01 7.990000000000000435e-01
2.050434996881204605e-02 2.999597296319080758e-02 8.675000000000000488e-01 7.980000000000000426e-01
2.072165218767729050e-02 3.047029139010966337e-02 8.719999999999999973e-01 8.020000000000000462e-01
2.080163481045515031e-02 3.028150270193447763e-02 8.605000000000000426e-01 7.940000000000000391e-01
2.104840769565257882e-02 3.060891930523260834e-02 8.719999999999999973e-01 8.010000000000000453e-01
