9.014426673172412641e-02 9.025723493175087653e-02 2.839999999999999747e-01 2.680000000000000160e-01
8.953714683260255436e-02 8.951568670603296529e-02 3.350000000000000200e-01 3.330000000000000182e-01
8.762696614804559025e-02 8.768257811552153391e-02 4.620000000000000218e-01 4.560000000000000164e-01
8.422350433221278965e-02 8.437985806873962713e-02 4.575000000000000178e-01 4.359999999999999987e-01
7.874154158726849595e-02 7.878326743549168842e-02 4.939999999999999947e-01 5.200000000000000178e-01
7.267537274038211870e-02 7.279049114340462034e-02 6.025000000000000355e-01 5.859999999999999654e-01
6.925496069348389960e-02 6.975902758421040351e-02 5.709999999999999520e-01 5.520000000000000462e-01
6.686692273039872292e-02 6.747723288627442695e-02 6.005000000000000338e-01 5.819999999999999618e-01
6.392516442161937096e-02 6.445110034360959639e-02 6.099999999999999867e-01 5.979999999999999760e-01
6.038698026783756445e-02 6.100138638043527822e-02 6.534999999999999698e-01 6.340000000000000080e-01
5.702295474895798660e-02 5.800852772452080863e-02 6.584999999999999742e-01 6.350000000000000089e-01
5.473367098856281310e-02 5.533594776061463716e-02 6.390000000000000124e-01 6.320000000000000062e-01
5.384816379739532088e-02 5.528116038385857273e-02 6.384999999999999565e-01 6.300000000000000044e-01
5.089359231351072571e-02 5.208019436167129340e-02 6.804999999999999938e-01 6.760000000000000453e-01
5.024132459274454482e-02 5.162202088300445885e-02 6.574999999999999734e-01 6.530000000000000249e-01
4.594613550963381338e-02 4.727131598672044965e-02 7.039999999999999591e-01 6.870000000000000551e-01
4.607131622160860751e-02 4.712099728051334646e-02 6.784999999999999920e-01 6.680000000000000382e-01
4.427635239838696030e-02 4.592623246097204265e-02 6.969999999999999529e-01 6.790000000000000480e-01
4.491241110898480660e-02 4.649214664510719491e-02 7.069999999999999618e-01 6.929999999999999494e-01
4.695079808158340862e-02 4.845539751806139661e-02 7.145000000000000240e-01 7.149999999999999689e-01
4.402744829814951577e-02 4.565696258467077939e-02 7.049999999999999600e-01 6.989999999999999547e-01
4.356329410028358246e-02 4.533410578034845206e-02 7.269999999999999796e-01 7.119999999999999662e-01
4.167035805169699847e-02 4.402904874926058532e-02 7.079999999999999627e-01 6.899999999999999467e-01
4.265147085312134129e-02 4.465601591810916537e-02 7.209999999999999742e-01 7.129999999999999671e-01
4.140088209451694284e-02 4.374272646771032447e-02 7.235000000000000320e-01 7.089999999999999636e-01
3.978200201084753501e-02 4.247691247751095994e-02 7.265000000000000346e-01 7.059999999999999609e-01
4.161548233521204093e-02 4.450206844025592773e-02 7.205000000000000293e-01 6.959999999999999520e-01
4.100970786711057026e-02 4.355529222677227003e-02 7.349999999999999867e-01 7.199999999999999734e-01
3.891237835021042757e-02 4.176514253285867201e-02 7.445000000000000506e-01 7.129999999999999671e-01
3.759726833034388038e-02 4.071602838064724422e-02 7.500000000000000000e-01 7.259999999999999787e-01
3.858979453122807907e-02 4.184069679299130817e-02 7.319999999999999840e-01 7.039999999999999591e-01
3.853229818808899532e-02 4.135221933182215565e-02 7.485000000000000542e-01 7.379999999999999893e-01
3.693896362196842642e-02 3.989383630516985663e-02 7.500000000000000000e-01 7.379999999999999893e-01
3.802944935659568343e-02 4.105102760739988421e-02 7.455000000000000515e-01 7.239999999999999769e-01
3.981672368471178558e-02 4.302894006088434087e-02 7.465000000000000524e-01 7.169999999999999707e-01
3.649990399391230683e-02 3.986674733176517882e-02 7.369999999999999885e-01 7.209999999999999742e-01
3.710752299729194043e-02 4.073712350310752101e-02 7.600000000000000089e-01 7.439999999999999947e-01
3.659971989354873084e-02 4.032156543009723232e-02 7.295000000000000373e-01 6.959999999999999520e-01
3.891166880828953595e-02 4.261202709603811867e-02 7.175000000000000266e-01 6.969999999999999529e-01
3.622130044055509035e-02 4.020561819060008979e-02 7.339999999999999858e-01 7.089999999999999636e-01
3.624104090432076625e-02 4.016878907517471703e-02 7.630000000000000115e-01 7.349999999999999867e-01
3.713855276698594526e-02 4.045242315310752096e-02 7.544999999999999485e-01 7.319999999999999840e-01
3.541819162388961523e-02 3.906733710952025457e-02 7.610000000000000098e-01 7.369999999999999885e-01
3.633799390197407081e-02 4.006870895569931285e-02 7.630000000000000115e-01 7.429999999999999938e-01
3.601263517392653407e-02 3.991548580200832141e-02 7.620000000000000107e-01 7.439999999999999947e-01
3.580414068979978492e-02 3.996944385909399766e-02 7.704999999999999627e-01 7.409999999999999920e-01
3.663618797814201244e-02 4.063680645281312481e-02 7.660000000000000142e-01 7.409999999999999920e-01
3.421025935311458599e-02 3.832030580170181500e-02 7.730000000000000204e-01 7.550000000000000044e-01
3.619405123132351382e-02 4.037123625126984305e-02 7.650000000000000133e-01 7.399999999999999911e-01
3.855830004329859756e-02 4.382643611494507763e-02 7.504999999999999449e-01 7.129999999999999671e-01
3.499546047059213377e-02 3.880765520994709089e-02 7.664999999999999591e-01 7.419999999999999929e-01
3.481837511305838767e-02 3.933942233230888069e-02 7.824999999999999734e-01 7.409999999999999920e-01
3.421410208337497677e-02 3.849529076595995664e-02 7.720000000000000195e-01 7.500000000000000000e-01
3.524437383793140033e-02 3.946971115784408957e-02 7.704999999999999627e-01 7.439999999999999947e-01
3.316047040143993430e-02 3.721849881653169212e-02 7.714999999999999636e-01 7.530000000000000027e-01
3.370820972552657224e-02 3.776262682530247272e-02 7.744999999999999662e-01 7.540000000000000036e-01
3.414068288519220978e-02 3.867054857506427995e-02 7.730000000000000204e-01 7.429999999999999938e-01
3.401069343808077461e-02 3.820118883342388943e-02 7.734999999999999654e-01 7.439999999999999947e-01
3.443221540248093959e-02 3.937925859818576513e-02 7.784999999999999698e-01 7.389999999999999902e-01
3.278471265265249512e-02 3.755830726709834949e-02 7.830000000000000293e-01 7.500000000000000000e-01
3.332544468874418936e-02 3.817005000090704925e-02 7.854999999999999760e-01 7.479999999999999982e-01
3.177416131826751866e-02 3.647656618908136361e-02 7.970000000000000417e-01 7.680000000000000160e-01
3.335937826493064196e-02 3.801277600076814756e-02 7.730000000000000204e-01 7.449999999999999956e-01
3.112992720729963747e-02 3.569994258808101978e-02 7.810000000000000275e-01 7.610000000000000098e-01
3.218769466805596058e-02 3.685931798832260686e-02 7.844999999999999751e-01 7.620000000000000107e-01
3.350247356824961886e-02 3.807605924816763465e-02 7.564999999999999503e-01 7.199999999999999734e-01
3.111591763339441319e-02 3.545920711973597067e-02 7.894999999999999796e-01 7.610000000000000098e-01
3.191267636444840988e-02 3.714485217430069791e-02 7.994999999999999885e-01 7.730000000000000204e-01
3.225520273506459618e-02 3.734082301207153343e-02 7.930000000000000382e-01 7.540000000000000036e-01
3.274801960364385339e-02 3.767037538307031058e-02 7.890000000000000346e-01 7.640000000000000124e-01
3.119102585987354806e-02 3.616959026933494470e-02 8.004999999999999893e-01 7.680000000000000160e-01
3.200172099828211408e-02 3.715515221726896355e-02 7.980000000000000426e-01 7.570000000000000062e-01
3.005085963712496658e-02 3.496490263910293633e-02 8.094999999999999973e-01 7.770000000000000240e-01
3.116347512056218474e-02 3.633005045246889830e-02 8.125000000000000000e-01 7.720000000000000195e-01
3.219686376916826298e-02 3.749950582559947315e-02 8.050000000000000488e-01 7.650000000000000133e-01
3.058599348803339377e-02 3.549408920071525642e-02 8.014999999999999902e-01 7.690000000000000169e-01
3.112951618862989586e-02 3.585401422199235161e-02 7.914999999999999813e-01 7.600000000000000089e-01
3.017140994591535966e-02 3.587812379422949949e-02 8.155000000000000027e-01 7.680000000000000160e-01
3.227484842959284922e-02 3.700089009320835925e-02 7.714999999999999636e-01 7.399999999999999911e-01
3.041296886201122485e-02 3.592081473723084811e-02 8.135000000000000009e-01 7.710000000000000187e-01
2.901905791656248651e-02 3.401170447375582995e-02 8.165000000000000036e-01 7.810000000000000275e-01
2.902371143254915339e-02 3.419993545883203562e-02 8.060000000000000497e-01 7.690000000000000169e-01
3.158512159253577117e-02 3.670045870386887121e-02 7.944999999999999840e-01 7.590000000000000080e-01
3.055656597980325670e-02 3.629079765644981082e-02 8.090000000000000524e-01 7.690000000000000169e-01
3.096167680004100614e-02 3.615638981498291160e-02 8.004999999999999893e-01 7.710000000000000187e-01
2.957736962174255940e-02 3.527717775129521338e-02 8.090000000000000524e-01 7.790000000000000258e-01
3.084808333254416071e-02 3.679764376729676573e-02 8.120000000000000551e-01 7.660000000000000142e-01
3.012263907422716228e-02 3.520141497442590139e-02 8.050000000000000488e-01 7.730000000000000204e-01
2.863178329678263065e-02 3.440420221860909789e-02 8.259999999999999565e-01 7.820000000000000284e-01
2.918618876707181412e-02 3.443992907539455278e-02 8.054999999999999938e-01 7.720000000000000195e-01
3.124706171191106788e-02 3.639040686513859285e-02 7.884999999999999787e-01 7.500000000000000000e-01
2.865008043159216269e-02 3.473818897742936979e-02 8.239999999999999547e-01 7.760000000000000231e-01
2.849234296449686815e-02 3.425981007414212465e-02 8.139999999999999458e-01 7.790000000000000258e-01
2.898948708025759352e-02 3.450195634372991288e-02 8.100000000000000533e-01 7.810000000000000275e-01
2.774238227003592711e-02 3.341009043403516537e-02 8.219999999999999529e-01 7.840000000000000302e-01
3.024743321862003592e-02 3.573973854880058837e-02 7.974999999999999867e-01 7.560000000000000053e-01
2.974851979409389585e-02 3.545128507448805366e-02 8.090000000000000524e-01 7.660000000000000142e-01
2.812476288776849867e-02 3.399161230412889312e-02 8.285000000000000142e-01 7.890000000000000346e-01
2.947658083511817129e-02 3.585420777061140013e-02 8.265000000000000124e-01 7.770000000000000240e-01
2.829548355096651868e-02 3.458188971191012567e-02 8.329999999999999627e-01 7.910000000000000364e-01
2.864391090779697460e-02 3.452852895834802871e-02 8.120000000000000551e-01 7.790000000000000258e-01
2.709761714319872811e-02 3.323427179516704605e-02 8.269999999999999574e-01 7.810000000000000275e-01
3.005131826073619006e-02 3.600953020081688188e-02 8.060000000000000497e-01 7.610000000000000098e-01
2.744682584146643234e-02 3.360228147456355285e-02 8.335000000000000187e-01 7.920000000000000373e-01
2.811248312145189082e-02 3.454970626362345587e-02 8.229999999999999538e-01 7.780000000000000249e-01
2.975173848079805741e-02 3.595707409290613277e-02 8.054999999999999938e-01 7.620000000000000107e-01
2.876997570248601005e-02 3.480930053606571400e-02 8.199999999999999512e-01 7.760000000000000231e-01
2.872975692844329312e-02 3.466192724717888363e-02 8.225000000000000089e-01 7.890000000000000346e-01
2.971889021024655755e-02 3.568772656783059799e-02 8.100000000000000533e-01 7.660000000000000142e-01
2.800820993560268479e-02 3.370939243644790334e-02 8.139999999999999458e-01 7.680000000000000160e-01
2.739042689909274367e-02 3.341733979738661237e-02 8.235000000000000098e-01 7.830000000000000293e-01
2.732937656251340983e-02 3.364169998458146210e-02 8.265000000000000124e-01 7.790000000000000258e-01
2.692490884457759623e-02 3.317121534546783185e-02 8.265000000000000124e-01 7.880000000000000338e-01
2.658020982681481847e-02 3.278419461534274465e-02 8.279999999999999583e-01 7.850000000000000311e-01
2.764032134921812212e-02 3.393439691705208566e-02 8.309999999999999609e-01 7.870000000000000329e-01
2.912429325465814081e-02 3.589035345762257162e-02 8.259999999999999565e-01 7.710000000000000187e-01
2.784720166875606986e-02 3.400774429676974020e-02 8.175000000000000044e-01 7.790000000000000258e-01
2.749483583959966976e-02 3.395969031856012343e-02 8.279999999999999583e-01 7.870000000000000329e-01
2.773941880863588921e-02 3.459059302999752117e-02 8.305000000000000160e-01 7.780000000000000249e-01
2.753604557624321839e-02 3.417426867063506901e-02 8.309999999999999609e-01 7.840000000000000302e-01
2.861618462117038880e-02 3.537611766089563542e-02 8.395000000000000240e-01 7.820000000000000284e-01
2.679845763919273122e-02 3.357023257154136825e-02 8.319999999999999618e-01 7.890000000000000346e-01
2.631439322658135280e-02 3.260407304082599961e-02 8.299999999999999600e-01 7.940000000000000391e-01
2.577620706998859368e-02 3.252608001223428885e-02 8.439999999999999725e-01 7.940000000000000391e-01
2.522208498393898116e-02 3.197351421397765653e-02 8.419999999999999707e-01 7.930000000000000382e-01
2.710433499973023685e-02 3.360419315347790842e-02 8.279999999999999583e-01 7.800000000000000266e-01
2.839631794431405828e-02 3.493969460947551203e-02 8.265000000000000124e-01 7.680000000000000160e-01
2.729409171494029396e-02 3.420512652371961865e-02 8.489999999999999769e-01 7.860000000000000320e-01
2.780886332553098028e-02 3.461157078157497957e-02 8.419999999999999707e-01 7.850000000000000311e-01
2.672065687852103952e-02 3.330053518945028102e-02 8.319999999999999618e-01 7.840000000000000302e-01
2.701426895646510604e-02 3.359316820711474166e-02 8.289999999999999591e-01 7.820000000000000284e-01
2.648746345586818624e-02 3.298612480212734233e-02 8.225000000000000089e-01 7.810000000000000275e-01
2.689261152102389446e-02 3.301957872261655769e-02 8.285000000000000142e-01 7.830000000000000293e-01
2.641359271102057191e-02 3.314347310728485430e-02 8.385000000000000231e-01 7.850000000000000311e-01
2.564487480611013503e-02 3.215094085164511145e-02 8.475000000000000311e-01 7.930000000000000382e-01
2.873620339593884257e-02 3.537368675770876519e-02 8.165000000000000036e-01 7.750000000000000222e-01
2.637942925776905548e-02 3.355975014355375152e-02 8.395000000000000240e-01 7.850000000000000311e-01
2.644368243327605353e-02 3.354553624779538917e-02 8.449999999999999734e-01 7.940000000000000391e-01
2.550188147874407965e-02 3.245681112316715217e-02 8.425000000000000266e-01 7.940000000000000391e-01
2.630071039729189181e-02 3.277519160383233349e-02 8.419999999999999707e-01 7.950000000000000400e-01
2.719202970582084572e-02 3.362809324129094335e-02 8.375000000000000222e-01 7.860000000000000320e-01
2.643982888138030410e-02 3.362635181951723756e-02 8.429999999999999716e-01 7.930000000000000382e-01
2.556483617910389888e-02 3.238336985073399926e-02 8.509999999999999787e-01 7.950000000000000400e-01
2.628651051612729272e-02 3.316944971227604733e-02 8.319999999999999618e-01 7.830000000000000293e-01
2.486922740079896069e-02 3.198717266323149871e-02 8.515000000000000346e-01 8.010000000000000453e-01
2.487592692241681613e-02 3.170965529597982724e-02 8.479999999999999760e-01 8.040000000000000480e-01
2.709585348400577950e-02 3.359203791301231673e-02 8.365000000000000213e-01 7.880000000000000338e-01
2.741933664751723676e-02 3.425300277528896264e-02 8.239999999999999547e-01 7.750000000000000222e-01
2.570697346129986738e-02 3.277694646168118064e-02 8.415000000000000258e-01 7.890000000000000346e-01
2.558466661760981642e-02 3.271862441576758179e-02 8.499999999999999778e-01 7.910000000000000364e-01
2.648681235126408573e-02 3.363373403881378398e-02 8.365000000000000213e-01 7.840000000000000302e-01
2.500164216179677143e-02 3.222435912240871614e-02 8.499999999999999778e-01 7.880000000000000338e-01
2.576652349962943109e-02 3.275921954109271145e-02 8.479999999999999760e-01 7.910000000000000364e-01
2.516353459134688941e-02 3.216150956823926599e-02 8.425000000000000266e-01 7.970000000000000417e-01
2.694818967408032714e-02 3.394238675333715455e-02 8.255000000000000115e-01 7.780000000000000249e-01
2.576939172523669969e-02 3.240352955528642831e-02 8.375000000000000222e-01 7.950000000000000400e-01
2.592194672314432347e-02 3.244563731904443610e-02 8.265000000000000124e-01 7.750000000000000222e-01
2.553446749781432615e-02 3.277912929815675336e-02 8.385000000000000231e-01 7.940000000000000391e-01
2.537428092926338405e-02 3.289270705193955702e-02 8.445000000000000284e-01 7.990000000000000435e-01
2.544566605262388662e-02 3.247648821130707381e-02 8.465000000000000302e-01 7.970000000000000417e-01
2.532481913607501425e-02 3.216504793808512563e-02 8.295000000000000151e-01 7.840000000000000302e-01
2.579309917513905939e-02 3.334355252166982392e-02 8.455000000000000293e-01 7.820000000000000284e-01
2.535694880955078473e-02 3.246002082937315264e-02 8.339999999999999636e-01 7.840000000000000302e-01
2.551601930358609119e-02 3.282166704706800109e-02 8.555000000000000382e-01 8.040000000000000480e-01
2.499540673723938192e-02 3.191301379114063613e-02 8.435000000000000275e-01 7.950000000000000400e-01
2.665038970880975744e-02 3.326328609045912932e-02 8.295000000000000151e-01 7.780000000000000249e-01
2.546010325530731824e-02 3.301772764967232654e-02 8.469999999999999751e-01 7.960000000000000409e-01
2.538663263036200837e-02 3.262094558055921717e-02 8.445000000000000284e-01 7.940000000000000391e-01
2.469836467424257193e-02 3.210542615769947788e-02 8.465000000000000302e-01 7.940000000000000391e-01
2.596839683871550453e-02 3.325220966508563025e-02 8.395000000000000240e-01 7.790000000000000258e-01
2.520436698864618810e-02 3.211979617497276451e-02 8.419999999999999707e-01 7.890000000000000346e-01
2.398426925288448669e-02 3.159076376407225079e-02 8.599999999999999867e-01 8.050000000000000488e-01
2.384907897675212982e-02 3.111722721688359519e-02 8.469999999999999751e-01 7.960000000000000409e-01
2.553490717582640804e-02 3.372901278488807386e-02 8.449999999999999734e-01 7.830000000000000293e-01
2.425741164155894442e-02 3.199614021549281734e-02 8.549999999999999822e-01 7.970000000000000417e-01
2.556666871865389754e-02 3.331601789661887969e-02 8.459999999999999742e-01 7.950000000000000400e-01
2.670004924701661203e-02 3.385015159646883459e-02 8.279999999999999583e-01 7.710000000000000187e-01
2.453472664368675990e-02 3.172336929176372555e-02 8.539999999999999813e-01 8.000000000000000444e-01
2.371146853844090935e-02 3.114419424580464058e-02 8.529999999999999805e-01 7.980000000000000426e-01
2.525431622736344639e-02 3.308133648724669029e-02 8.495000000000000329e-01 7.970000000000000417e-01
2.673872817862296691e-02 3.400321533927772033e-02 8.375000000000000222e-01 7.890000000000000346e-01
2.435039770443978360e-02 3.212916191273225419e-02 8.489999999999999769e-01 7.900000000000000355e-01
2.603707004666043837e-02 3.367100549796324394e-02 8.475000000000000311e-01 7.890000000000000346e-01
2.357981955613534450e-02 3.109988965228560609e-02 8.535000000000000364e-01 8.060000000000000497e-01
2.386289812989518880e-02 3.130819170302710786e-02 8.595000000000000417e-01 8.090000000000000524e-01
2.472656248783131408e-02 3.226042849317128230e-02 8.449999999999999734e-01 7.940000000000000391e-01
2.482091991514909224e-02 3.252865860454055846e-02 8.515000000000000346e-01 7.920000000000000373e-01
2.379163196255515769e-02 3.135566778610432426e-02 8.515000000000000346e-01 8.020000000000000462e-01
2.369763839511486794e-02 3.098208306894159603e-02 8.535000000000000364e-01 7.970000000000000417e-01
2.559958000558435615e-02 3.303098016391100428e-02 8.359999999999999654e-01 7.860000000000000320e-01
2.495175511671652094e-02 3.225165136803707228e-02 8.405000000000000249e-01 7.820000000000000284e-01
2.330759156011408262e-02 3.101471352721818509e-02 8.569999999999999840e-01 8.030000000000000471e-01
2.442449946765917063e-02 3.183103554049042383e-02 8.575000000000000400e-01 8.090000000000000524e-01
2.448267340642846027e-02 3.213229795391552707e-02 8.545000000000000373e-01 8.010000000000000453e-01
2.341475589677117705e-02 3.110709214809143780e-02 8.615000000000000435e-01 8.070000000000000506e-01
2.466846190579517414e-02 3.266221986623445150e-02 8.499999999999999778e-01 7.870000000000000329e-01
2.441672000358827144e-02 3.225286275409545295e-02 8.555000000000000382e-01 7.940000000000000391e-01
2.537460596322680881e-02 3.382006455796743305e-02 8.569999999999999840e-01 7.920000000000000373e-01
2.332033314485669126e-02 3.120705740932420980e-02 8.579999999999999849e-01 8.010000000000000453e-01
2.391668682789011360e-02 3.178209122180256779e-02 8.469999999999999751e-01 7.890000000000000346e-01
2.364076808854861586e-02 3.129823568435245729e-02 8.529999999999999805e-01 7.980000000000000426e-01
2.569912564794850710e-02 3.340753733167280831e-02 8.439999999999999725e-01 7.930000000000000382e-01
2.338086659065652384e-02 3.097132464016276454e-02 8.545000000000000373e-01 8.030000000000000471e-01
2.334263121545524650e-02 3.097404075021274739e-02 8.609999999999999876e-01 7.960000000000000409e-01
2.452128072188829860e-02 3.275574646738805412e-02 8.469999999999999751e-01 7.920000000000000373e-01
2.402468292272138747e-02 3.181290516433058629e-02 8.569999999999999840e-01 7.880000000000000338e-01
2.262574942805098063e-02 3.010250835621622670e-02 8.579999999999999849e-01 8.060000000000000497e-01
2.313530355985079015e-02 3.096205895134519423e-02 8.549999999999999822e-01 8.040000000000000480e-01
2.432029782430823739e-02 3.188938339908835295e-02 8.609999999999999876e-01 7.950000000000000400e-01
2.404184881084194675e-02 3.151041535615090039e-02 8.459999999999999742e-01 7.990000000000000435e-01
2.278580875341203876e-02 3.055214110162590355e-02 8.615000000000000435e-01 8.060000000000000497e-01
2.308083446429469790e-02 3.085480013573516089e-02 8.575000000000000400e-01 8.010000000000000453e-01
2.515252210153627252e-02 3.253618130001196401e-02 8.409999999999999698e-01 8.030000000000000471e-01
2.505252760371958626e-02 3.267034110586842371e-02 8.455000000000000293e-01 7.890000000000000346e-01
2.373578594437914316e-02 3.152421537861972711e-02 8.549999999999999822e-01 8.040000000000000480e-01
2.313660552557949071e-02 3.096982804985495830e-02 8.585000000000000409e-01 7.990000000000000435e-01
2.304491320372079738e-02 3.113554588320726138e-02 8.619999999999999885e-01 8.040000000000000480e-01
2.459581058339032830e-02 3.200822557109106459e-02 8.385000000000000231e-01 7.950000000000000400e-01
2.425515164520613068e-02 3.195549992207170203e-02 8.489999999999999769e-01 7.920000000000000373e-01
2.346755654413578904e-02 3.143162749328787253e-02 8.605000000000000426e-01 8.040000000000000480e-01
2.422612610323513285e-02 3.217152989685314463e-02 8.535000000000000364e-01 8.030000000000000471e-01
2.298410502132841940e-02 3.105788346141421380e-02 8.569999999999999840e-01 8.070000000000000506e-01
2.291599437851534263e-02 3.081734956874840337e-02 8.569999999999999840e-01 7.970000000000000417e-01
2.354091868292850290e-02 3.145890050637970697e-02 8.525000000000000355e-01 8.010000000000000453e-01
2.274149592821055055e-02 3.049058598563605602e-02 8.565000000000000391e-01 8.110000000000000542e-01
2.382184455856185476e-02 3.208545014060143474e-02 8.489999999999999769e-01 7.990000000000000435e-01
2.559622579799823369e-02 3.342824676190080113e-02 8.405000000000000249e-01 7.890000000000000346e-01
2.270277246406243385e-02 3.080080858278299097e-02 8.639999999999999902e-01 8.000000000000000444e-01
2.277600651571013227e-02 3.051595986518894355e-02 8.629999999999999893e-01 8.110000000000000542e-01
2.351769872003135753e-02 3.164645846007478613e-02 8.555000000000000382e-01 7.960000000000000409e-01
2.351745665998292850e-02 3.122554990629138397e-02 8.549999999999999822e-01 7.930000000000000382e-01
2.266649608188659251e-02 3.017125834086229613e-02 8.609999999999999876e-01 8.100000000000000533e-01
2.290008242635805866e-02 3.117718915785628805e-02 8.589999999999999858e-01 7.980000000000000426e-01
2.280920003447680505e-02 3.044164086246059844e-02 8.619999999999999885e-01 8.020000000000000462e-01
2.403324195150086801e-02 3.196011097996696859e-02 8.515000000000000346e-01 7.970000000000000417e-01
2.598260584762194722e-02 3.380528201801941135e-02 8.439999999999999725e-01 7.800000000000000266e-01
2.369750710501083643e-02 3.146072206938640980e-02 8.565000000000000391e-01 8.030000000000000471e-01
2.340292681132919925e-02 3.166169153438777584e-02 8.645000000000000462e-01 7.990000000000000435e-01
2.396941440696672906e-02 3.206724879922307619e-02 8.459999999999999742e-01 7.880000000000000338e-01
2.341562868294422978e-02 3.161501998294072996e-02 8.575000000000000400e-01 7.980000000000000426e-01
2.355489750528625553e-02 3.191601858134032743e-02 8.599999999999999867e-01 7.990000000000000435e-01
2.264433463416537853e-02 3.080855839982841668e-02 8.645000000000000462e-01 8.040000000000000480e-01
2.238270688895644539e-02 3.027094728962491030e-02 8.615000000000000435e-01 8.020000000000000462e-01
2.323318906762528516e-02 3.154148712403258281e-02 8.605000000000000426e-01 7.940000000000000391e-01
2.249937136857663861e-02 3.076206437547958361e-02 8.625000000000000444e-01 7.990000000000000435e-01
2.306800272182068720e-02 3.098204111686477663e-02 8.539999999999999813e-01 8.030000000000000471e-01
2.275830751092233067e-02 3.087128833704173153e-02 8.639999999999999902e-01 8.070000000000000506e-01
2.241769284992392586e-02 3.066522945241903150e-02 8.639999999999999902e-01 8.000000000000000444e-01
2.147710941394918860e-02 2.975362439479780491e-02 8.695000000000000506e-01 8.100000000000000533e-01
2.247525138892958463e-02 3.065027520208282036e-02 8.605000000000000426e-01 8.040000000000000480e-01
2.369328468273412813e-02 3.232417322177742747e-02 8.589999999999999858e-01 8.010000000000000453e-01
2.181317209840760718e-02 2.996514021612135814e-02 8.625000000000000444e-01 8.010000000000000453e-01
2.183343167993563941e-02 2.979912502976640037e-02 8.645000000000000462e-01 8.020000000000000462e-01
2.290703943593425454e-02 3.098014325574533975e-02 8.599999999999999867e-01 8.060000000000000497e-01
2.292215269057409216e-02 3.089693797883698995e-02 8.685000000000000497e-01 8.050000000000000488e-01
2.343908565468413516e-02 3.135326803604669699e-02 8.529999999999999805e-01 7.910000000000000364e-01
2.266472649321470134e-02 3.091997760433871922e-02 8.629999999999999893e-01 8.030000000000000471e-01
2.195922405884411302e-02 3.000203398202538202e-02 8.665000000000000480e-01 7.970000000000000417e-01
2.394077931984799068e-02 3.178726022875300733e-02 8.515000000000000346e-01 7.940000000000000391e-01
2.165965132978492358e-02 3.002762106438870010e-02 8.669999999999999929e-01 8.050000000000000488e-01
2.157426966650451139e-02 2.956396167067132374e-02 8.655000000000000471e-01 8.070000000000000506e-01
2.174138096031318079e-02 2.992337046539468581e-02 8.689999999999999947e-01 8.100000000000000533e-01
2.296983501192394195e-02 3.128017334365068569e-02 8.619999999999999885e-01 8.100000000000000533e-01
2.192156451621488783e-02 3.010326160399396864e-02 8.569999999999999840e-01 8.060000000000000497e-01
2.247012791562841630e-02 3.058571354242638554e-02 8.605000000000000426e-01 8.050000000000000488e-01
2.196688234744187049e-02 2.998735888137104427e-02 8.685000000000000497e-01 8.070000000000000506e-01
2.202628573969636280e-02 3.023397607494340486e-02 8.659999999999999920e-01 8.179999999999999494e-01
2.259091804550807450e-02 3.038216028652727940e-02 8.569999999999999840e-01 7.950000000000000400e-01
2.230742998942831026e-02 3.024243924656660337e-02 8.629999999999999893e-01 8.110000000000000542e-01
2.295652216314869251e-02 3.089862819772901115e-02 8.579999999999999849e-01 8.020000000000000462e-01
2.232026773347941390e-02 3.052805988286200548e-02 8.655000000000000471e-01 7.990000000000000435e-01
2.180110126897970985e-02 2.984403789042737454e-02 8.675000000000000488e-01 8.070000000000000506e-01
2.270745982037630437e-02 3.070298696965880966e-02 8.579999999999999849e-01 7.980000000000000426e-01
2.135547213854918636e-02 2.965950336663590939e-02 8.665000000000000480e-01 8.050000000000000488e-01
2.304229199697307995e-02 3.128776026280104955e-02 8.619999999999999885e-01 7.920000000000000373e-01
2.210431055515259258e-02 3.057156695104288821e-02 8.665000000000000480e-01 8.090000000000000524e-01
2.229372680013161009e-02 3.079659771813020308e-02 8.609999999999999876e-01 7.990000000000000435e-01
2.208562193995747269e-02 3.042470149574249411e-02 8.665000000000000480e-01 8.030000000000000471e-01
2.302094851255332905e-02 3.149020922678818363e-02 8.505000000000000338e-01 7.890000000000000346e-01
2.213812836215490673e-02 3.075264316499503117e-02 8.619999999999999885e-01 7.970000000000000417e-01
2.134483906267660089e-02 2.972325054874242617e-02 8.655000000000000471e-01 8.030000000000000471e-01
2.172470099075853728e-02 2.996332712695840353e-02 8.689999999999999947e-01 8.060000000000000497e-01
2.125966612957301202e-02 2.994359701142322930e-02 8.689999999999999947e-01 8.080000000000000515e-01
2.217319269839253260e-02 3.047623224132593039e-02 8.619999999999999885e-01 8.070000000000000506e-01
2.196816121270537756e-02 3.054691826472681615e-02 8.655000000000000471e-01 7.980000000000000426e-01
2.336662139179782743e-02 3.151588817308785540e-02 8.599999999999999867e-01 8.000000000000000444e-01
2.182184992125674530e-02 3.054168883587401670e-02 8.609999999999999876e-01 7.990000000000000435e-01
2.145730200823622175e-02 2.999436460277160599e-02 8.685000000000000497e-01 8.050000000000000488e-01
2.351158884034978622e-02 3.215409129658613335e-02 8.525000000000000355e-01 7.880000000000000338e-01
2.141767139781778836e-02 2.956513280490716961e-02 8.705000000000000515e-01 8.149999999999999467e-01
2.126391606879966464e-02 2.935151914267379591e-02 8.689999999999999947e-01 8.080000000000000515e-01
2.159492352345242575e-02 3.010986954032559768e-02 8.655000000000000471e-01 8.000000000000000444e-01
2.162053733975777617e-02 2.997468476345409999e-02 8.675000000000000488e-01 8.100000000000000533e-01
2.279231747666868313e-02 3.062206593144462669e-02 8.509999999999999787e-01 7.930000000000000382e-01
2.242942577171487886e-02 3.071339736619078248e-02 8.535000000000000364e-01 7.950000000000000400e-01
2.171637067494643081e-02 3.015779028583318727e-02 8.665000000000000480e-01 8.040000000000000480e-01
2.256093009707837993e-02 3.074242854733828453e-02 8.575000000000000400e-01 7.940000000000000391e-01
2.152251715819688063e-02 2.976384984574363679e-02 8.655000000000000471e-01 8.000000000000000444e-01
2.421350292691112557e-02 3.240122369352302356e-02 8.489999999999999769e-01 7.910000000000000364e-01
2.174432142527498932e-02 3.035071167547125776e-02 8.619999999999999885e-01 8.010000000000000453e-01
2.258603786552284415e-02 3.150623299404995553e-02 8.569999999999999840e-01 8.010000000000000453e-01
2.189482075828291796e-02 3.027182355182776383e-02 8.635000000000000453e-01 8.020000000000000462e-01
2.248698763440687420e-02 3.053135863864513827e-02 8.509999999999999787e-01 7.870000000000000329e-01
2.132482337399185801e-02 2.967474181545512804e-02 8.689999999999999947e-01 8.020000000000000462e-01
2.374741924867575585e-02 3.228244810377542406e-02 8.535000000000000364e-01 8.000000000000000444e-01
2.230629456579681646e-02 3.049868761615659798e-02 8.589999999999999858e-01 7.950000000000000400e-01
2.231881026288075331e-02 3.077568526501366780e-02 8.595000000000000417e-01 8.100000000000000533e-01
2.185868495526783681e-02 3.021729062936383964e-02 8.685000000000000497e-01 8.090000000000000524e-01
2.363215792702771240e-02 3.213258343945096102e-02 8.595000000000000417e-01 7.970000000000000417e-01
2.290438014016100976e-02 3.142203723202997151e-02 8.639999999999999902e-01 8.040000000000000480e-01
2.239298980482731447e-02 3.092699442789196423e-02 8.595000000000000417e-01 7.950000000000000400e-01
2.174403365662160026e-02 3.027634676155217808e-02 8.589999999999999858e-01 8.020000000000000462e-01
2.129572316549232375e-02 2.985879691189318938e-02 8.665000000000000480e-01 7.990000000000000435e-01
2.103678956495872235e-02 2.919600973612273415e-02 8.669999999999999929e-01 8.060000000000000497e-01
2.144110368756539653e-02 3.008753713317464593e-02 8.699999999999999956e-01 8.080000000000000515e-01
2.102800845191612339e-02 2.938434325154119786e-02 8.695000000000000506e-01 8.080000000000000515e-01
2.095640154433654409e-02 2.978665413922118588e-02 8.705000000000000515e-01 8.179999999999999494e-01
2.200999911589046273e-02 3.084703401786303978e-02 8.689999999999999947e-01 8.050000000000000488e-01
2.141990188445886539e-02 3.029541723570991496e-02 8.709999999999999964e-01 8.070000000000000506e-01
2.247272285210701048e-02 3.046271066184833010e-02 8.475000000000000311e-01 7.880000000000000338e-01
2.253411568057126640e-02 3.080518360402430267e-02 8.649999999999999911e-01 8.120000000000000551e-01
2.162466591362755680e-02 3.025000578526590433e-02 8.689999999999999947e-01 8.110000000000000542e-01
2.222644062193463582e-02 3.058698502384348678e-02 8.635000000000000453e-01 8.000000000000000444e-01
2.100587872310629919e-02 2.955642834527612284e-02 8.649999999999999911e-01 8.060000000000000497e-01
2.019496084468381039e-02 2.870420155894966990e-02 8.699999999999999956e-01 8.120000000000000551e-01
2.347569442875704557e-02 3.245783314173290163e-02 8.565000000000000391e-01 7.960000000000000409e-01
2.145284701857995760e-02 3.018462560303420208e-02 8.669999999999999929e-01 8.090000000000000524e-01
2.091030055227404913e-02 2.963226058740130522e-02 8.699999999999999956e-01 8.100000000000000533e-01
2.176443051408813792e-02 3.015173872151465442e-02 8.645000000000000462e-01 7.990000000000000435e-01
2.177575409590425115e-02 3.072064854702926881e-02 8.659999999999999920e-01 8.070000000000000506e-01
2.111480109965973434e-02 3.004423371596499914e-02 8.729999999999999982e-01 8.179999999999999494e-01
2.165248096374682019e-02 3.041408906002512902e-02 8.615000000000000435e-01 7.940000000000000391e-01
2.005548004680441851e-02 2.871205716722430995e-02 8.739999999999999991e-01 8.110000000000000542e-01
2.096083219031582429e-02 2.969794042124064906e-02 8.709999999999999964e-01 8.090000000000000524e-01
2.115939405765741854e-02 2.969822477400307567e-02 8.679999999999999938e-01 7.990000000000000435e-01
2.016926812064945632e-02 2.833192564923562098e-02 8.725000000000000533e-01 8.219999999999999529e-01
2.015061650134743892e-02 2.874656558293457384e-02 8.725000000000000533e-01 8.189999999999999503e-01
2.077706554432750055e-02 2.925536237432732958e-02 8.695000000000000506e-01 8.120000000000000551e-01
2.132177561094155543e-02 2.962344283096782216e-02 8.555000000000000382e-01 8.020000000000000462e-01
2.182404140928820638e-02 3.026164392012539728e-02 8.589999999999999858e-01 7.920000000000000373e-01
2.113539089690773254e-02 2.984687024063193209e-02 8.695000000000000506e-01 8.060000000000000497e-01
2.039570152671792147e-02 2.877552278715488770e-02 8.735000000000000542e-01 8.050000000000000488e-01
2.237024228074581747e-02 3.114471206050114377e-02 8.635000000000000453e-01 8.060000000000000497e-01
2.020926609932129775e-02 2.887761603409190470e-02 8.745000000000000551e-01 8.110000000000000542e-01
2.018819091837540866e-02 2.899102690501915644e-02 8.745000000000000551e-01 8.080000000000000515e-01
2.107083344085694532e-02 2.954156313081497676e-02 8.675000000000000488e-01 8.149999999999999467e-01
2.115086867566607839e-02 2.978442179658995909e-02 8.679999999999999938e-01 8.040000000000000480e-01
2.111939720660715308e-02 3.007694088605567667e-02 8.715000000000000524e-01 8.020000000000000462e-01
2.196720808365417929e-02 3.065286014377869434e-02 8.625000000000000444e-01 7.980000000000000426e-01
2.101802588325520429e-02 2.973440969623424024e-02 8.705000000000000515e-01 8.050000000000000488e-01
2.165278844384272219e-02 3.048945712623942622e-02 8.675000000000000488e-01 8.020000000000000462e-01
2.184099166194346242e-02 3.027830838124874122e-02 8.585000000000000409e-01 7.930000000000000382e-01
2.084912202423493122e-02 2.969876454404487068e-02 8.709999999999999964e-01 8.129999999999999449e-01
2.198848840403823737e-02 3.073954020171892551e-02 8.645000000000000462e-01 7.980000000000000426e-01
2.136656723952580147e-02 3.027742295157112226e-02 8.699999999999999956e-01 8.050000000000000488e-01
2.086642113104843210e-02 3.003798458659126536e-02 8.715000000000000524e-01 7.980000000000000426e-01
2.013558015515781036e-02 2.907504919218262610e-02 8.705000000000000515e-01 8.000000000000000444e-01
2.068161349530664786e-02 2.930746440453765519e-02 8.665000000000000480e-01 7.990000000000000435e-01
2.084439115626257263e-02 2.995058428597911424e-02 8.719999999999999973e-01 8.100000000000000533e-01
2.079268337187677521e-02 3.003875801494318085e-02 8.709999999999999964e-01 8.030000000000000471e-01
2.129831542644950587e-02 3.055461283744426854e-02 8.679999999999999938e-01 7.970000000000000417e-01
2.074444057790116730e-02 2.950139565610866016e-02 8.645000000000000462e-01 7.950000000000000400e-01
2.036095717958499515e-02 2.937944135985138053e-02 8.725000000000000533e-01 8.050000000000000488e-01
2.130752516312110420e-02 2.996711506087419361e-02 8.669999999999999929e-01 7.940000000000000391e-01
2.117860958457781079e-02 3.005102638948069921e-02 8.659999999999999920e-01 7.960000000000000409e-01
1.992502812617820071e-02 2.860086106856189053e-02 8.760000000000000009e-01 8.100000000000000533e-01
2.092216254005019316e-02 3.001564082989235591e-02 8.715000000000000524e-01 8.169999999999999485e-01
2.105506557373574422e-02 2.982173217552726296e-02 8.635000000000000453e-01 7.950000000000000400e-01
2.081656399044372677e-02 2.980304900361107484e-02 8.709999999999999964e-01 8.020000000000000462e-01
2.058456324691013486e-02 2.969588108266080911e-02 8.689999999999999947e-01 8.060000000000000497e-01
2.255374477258539553e-02 3.191782750562969367e-02 8.569999999999999840e-01 7.930000000000000382e-01
2.050890935766130907e-02 2.950636482990410744e-02 8.729999999999999982e-01 8.110000000000000542e-01
2.029039556287574528e-02 2.965722002578200997e-02 8.739999999999999991e-01 8.030000000000000471e-01
2.078567461983757761e-02 2.988225969950214500e-02 8.699999999999999956e-01 8.050000000000000488e-01
2.147441048121818269e-02 3.065797527496509980e-02 8.635000000000000453e-01 7.950000000000000400e-01
2.093732624574572501e-02 2.975412461532821878e-02 8.655000000000000471e-01 8.010000000000000453e-01
2.041349758162802272e-02 2.940321413835984138e-02 8.735000000000000542e-01 8.070000000000000506e-01
2.101035199424155717e-02 3.002497944919937933e-02 8.709999999999999964e-01 8.000000000000000444e-01
2.201931614250537614e-02 3.136653513538013860e-02 8.685000000000000497e-01 7.940000000000000391e-01
2.094365891385782316e-02 3.007730707504978340e-02 8.709999999999999964e-01 8.020000000000000462e-01
2.105873753589444439e-02 3.033321222188080368e-02 8.780000000000000027e-01 8.070000000000000506e-01
2.111449192977324016e-02 3.011897673163227429e-02 8.685000000000000497e-01 8.030000000000000471e-01
2.152545287065016008e-02 3.093681461004588185e-02 8.709999999999999964e-01 7.910000000000000364e-01
2.031947165305092798e-02 2.939437991670355854e-02 8.745000000000000551e-01 8.080000000000000515e-01
2.139533943778530387e-02 3.069270019647050984e-02 8.715000000000000524e-01 7.990000000000000435e-01
2.156918218580046454e-02 3.072434604108368120e-02 8.615000000000000435e-01 7.990000000000000435e-01
2.016692366590877583e-02 2.923254335086808778e-02 8.774999999999999467e-01 8.020000000000000462e-01
2.066862223293577591e-02 2.949942207657717252e-02 8.699999999999999956e-01 8.050000000000000488e-01
2.093411214521796043e-02 3.023465456325876571e-02 8.689999999999999947e-01 8.080000000000000515e-01
2.032897827135345462e-02 2.945118754171339656e-02 8.754999999999999449e-01 8.149999999999999467e-01
2.040799511366152980e-02 2.963116978412459052e-02 8.739999999999999991e-01 8.050000000000000488e-01
2.157645689903949990e-02 3.047996710143861462e-02 8.669999999999999929e-01 7.910000000000000364e-01
2.011973117299779845e-02 2.920298103893897990e-02 8.729999999999999982e-01 8.129999999999999449e-01
2.017013810993920075e-02 2.944505475249811072e-02 8.754999999999999449e-01 8.120000000000000551e-01
2.134372562300181769e-02 3.058998903920106746e-02 8.655000000000000471e-01 8.090000000000000524e-01
2.131057901464169374e-02 3.000557217112123989e-02 8.649999999999999911e-01 7.970000000000000417e-01
2.137826345417356486e-02 3.065207125700485438e-02 8.725000000000000533e-01 8.020000000000000462e-01
1.980328984016878693e-02 2.888228015071028429e-02 8.760000000000000009e-01 8.090000000000000524e-01
2.109412084877116886e-02 3.006918405817168155e-02 8.665000000000000480e-01 7.990000000000000435e-01
1.967037592545554589e-02 2.889834560597622642e-02 8.750000000000000000e-01 8.090000000000000524e-01
