9.025979912031040220e-02 9.037081700353165326e-02 2.730000000000000204e-01 2.270000000000000073e-01
8.995991405625218540e-02 8.999743449470001821e-02 2.129999999999999949e-01 2.039999999999999869e-01
8.851870631951831714e-02 8.854977263025598511e-02 2.755000000000000226e-01 2.660000000000000142e-01
8.592002830389738888e-02 8.597177462955055138e-02 4.894999999999999907e-01 4.839999999999999858e-01
8.186676966859290916e-02 8.189360043689750124e-02 4.979999999999999982e-01 4.969999999999999973e-01
7.624417394719128216e-02 7.619896083077828952e-02 5.294999999999999707e-01 5.370000000000000329e-01
7.058940825395829122e-02 7.063040444005232177e-02 5.739999999999999547e-01 5.540000000000000480e-01
6.553585133846968891e-02 6.599084995724610603e-02 5.809999999999999609e-01 5.639999999999999458e-01
6.417080708561880009e-02 6.479642484541850433e-02 6.300000000000000044e-01 6.149999999999999911e-01
5.993251502757824395e-02 6.115827320870082656e-02 6.390000000000000124e-01 5.999999999999999778e-01
5.854713137549653196e-02 5.897634895456019266e-02 6.135000000000000453e-01 6.009999999999999787e-01
5.435203072240344518e-02 5.567533443300307083e-02 6.740000000000000435e-01 6.590000000000000302e-01
5.278890994343573423e-02 5.395127610898479281e-02 6.764999999999999902e-01 6.640000000000000346e-01
5.048943196217398066e-02 5.169091307048177125e-02 6.744999999999999885e-01 6.620000000000000329e-01
4.999918210999345497e-02 5.115297923073971326e-02 6.560000000000000275e-01 6.460000000000000187e-01
4.847956116281507133e-02 5.035029302224749981e-02 6.919999999999999485e-01 6.690000000000000391e-01
4.632121296423539342e-02 4.772742781971212739e-02 6.959999999999999520e-01 6.889999999999999458e-01
4.424314208135022436e-02 4.619805741391111442e-02 6.919999999999999485e-01 6.760000000000000453e-01
4.341665318602697110e-02 4.484077044905981912e-02 6.949999999999999512e-01 6.820000000000000506e-01
4.402040827505952769e-02 4.584414086018371443e-02 7.145000000000000240e-01 7.069999999999999618e-01
4.156210406881522684e-02 4.326927637861405218e-02 7.195000000000000284e-01 7.099999999999999645e-01
4.278864272612769443e-02 4.568536928040393963e-02 7.115000000000000213e-01 6.670000000000000373e-01
4.096467818659941390e-02 4.287881094954490435e-02 7.175000000000000266e-01 7.119999999999999662e-01
4.004110293352097089e-02 4.213495305774249411e-02 7.305000000000000382e-01 7.189999999999999725e-01
4.331601087931230554e-02 4.543245936373896399e-02 7.235000000000000320e-01 7.149999999999999689e-01
4.029742673280124754e-02 4.282992137779276925e-02 7.205000000000000293e-01 7.049999999999999600e-01
4.083329957770626129e-02 4.372047489163388700e-02 7.375000000000000444e-01 7.199999999999999734e-01
3.921659242581103377e-02 4.209584882241527992e-02 7.369999999999999885e-01 7.169999999999999707e-01
3.932968960300889383e-02 4.176122546804047347e-02 7.399999999999999911e-01 7.339999999999999858e-01
3.753790729136146503e-02 4.027366417697032797e-02 7.495000000000000551e-01 7.269999999999999796e-01
3.869660218529641371e-02 4.132424772404023200e-02 7.445000000000000506e-01 7.299999999999999822e-01
3.758533437053009768e-02 4.068006116606024541e-02 7.550000000000000044e-01 7.339999999999999858e-01
3.773888175075232332e-02 4.047354645668001932e-02 7.475000000000000533e-01 7.319999999999999840e-01
3.729103120223234424e-02 4.055864958409446247e-02 7.610000000000000098e-01 7.439999999999999947e-01
3.622493875341365605e-02 3.924992973752716718e-02 7.544999999999999485e-01 7.339999999999999858e-01
3.575907662337958481e-02 3.873950744759175474e-02 7.590000000000000080e-01 7.409999999999999920e-01
3.700852646268586871e-02 4.009730398345048852e-02 7.620000000000000107e-01 7.449999999999999956e-01
3.761058479316205932e-02 4.157630741507803429e-02 7.580000000000000071e-01 7.219999999999999751e-01
3.488333461638612465e-02 3.852613448481191638e-02 7.744999999999999662e-01 7.500000000000000000e-01
3.421419871203802698e-02 3.764625511648567180e-02 7.780000000000000249e-01 7.550000000000000044e-01
3.572088631071599490e-02 3.949202646809718553e-02 7.714999999999999636e-01 7.419999999999999929e-01
3.451249585322808955e-02 3.811576572315753669e-02 7.800000000000000266e-01 7.479999999999999982e-01
3.694751973760277558e-02 4.130800697249694536e-02 7.744999999999999662e-01 7.459999999999999964e-01
3.464687851516650569e-02 3.783986881688949921e-02 7.630000000000000115e-01 7.500000000000000000e-01
3.440505334194350617e-02 3.822396424640683854e-02 7.700000000000000178e-01 7.520000000000000018e-01
3.452148771064245114e-02 3.826165265007074046e-02 7.784999999999999698e-01 7.590000000000000080e-01
3.367467376554084124e-02 3.750945095755481296e-02 7.760000000000000231e-01 7.560000000000000053e-01
3.432513493942571797e-02 3.777070103788017497e-02 7.710000000000000187e-01 7.489999999999999991e-01
3.368561483806342682e-02 3.743191747049847556e-02 7.804999999999999716e-01 7.530000000000000027e-01
3.662137098478757125e-02 4.087969968927766123e-02 7.800000000000000266e-01 7.520000000000000018e-01
3.378852836512342278e-02 3.751536833083065486e-02 7.740000000000000213e-01 7.540000000000000036e-01
3.187413927592201712e-02 3.619012458292144435e-02 7.970000000000000417e-01 7.600000000000000089e-01
3.710830242547214636e-02 4.148648327301004968e-02 7.660000000000000142e-01 7.319999999999999840e-01
3.165585164377885535e-02 3.606319352201515366e-02 7.914999999999999813e-01 7.630000000000000115e-01
3.202879956264888250e-02 3.598031745574840901e-02 7.774999999999999689e-01 7.620000000000000107e-01
3.139621132059283726e-02 3.524967314304817273e-02 7.884999999999999787e-01 7.720000000000000195e-01
3.128065862022735150e-02 3.583717444006221525e-02 7.970000000000000417e-01 7.670000000000000151e-01
3.106993339606757901e-02 3.537136667036076820e-02 7.914999999999999813e-01 7.690000000000000169e-01
3.440564644815927858e-02 3.960957776782594864e-02 7.914999999999999813e-01 7.359999999999999876e-01
3.338968012453211176e-02 3.788725500352262826e-02 7.974999999999999867e-01 7.680000000000000160e-01
3.131010279925940804e-02 3.509697709026469298e-02 7.850000000000000311e-01 7.620000000000000107e-01
3.392359070250604292e-02 3.843327275184214159e-02 7.754999999999999671e-01 7.479999999999999982e-01
3.161887529339679065e-02 3.648984070063990975e-02 8.120000000000000551e-01 7.730000000000000204e-01
3.186394492411945972e-02 3.610623205781809952e-02 7.910000000000000364e-01 7.530000000000000027e-01
2.999310359347838809e-02 3.457234103349077908e-02 8.014999999999999902e-01 7.710000000000000187e-01
3.098682645672864652e-02 3.532169944227758068e-02 7.924999999999999822e-01 7.690000000000000169e-01
2.998769670077002306e-02 3.480439549076692896e-02 8.070000000000000506e-01 7.780000000000000249e-01
3.009821474861282264e-02 3.485165933611245048e-02 8.010000000000000453e-01 7.700000000000000178e-01
3.115425695527207495e-02 3.647258468169210094e-02 8.135000000000000009e-01 7.730000000000000204e-01
2.955652408756993116e-02 3.465918278460017321e-02 8.139999999999999458e-01 7.840000000000000302e-01
2.994653059320550453e-02 3.514984038251680459e-02 8.185000000000000053e-01 7.750000000000000222e-01
2.998810845248552764e-02 3.493015508405408059e-02 8.120000000000000551e-01 7.770000000000000240e-01
2.880277667444473139e-02 3.366093905604391340e-02 8.094999999999999973e-01 7.710000000000000187e-01
3.213685719507383687e-02 3.654597939979976201e-02 7.830000000000000293e-01 7.530000000000000027e-01
3.005829370584634647e-02 3.524711423663304949e-02 8.189999999999999503e-01 7.840000000000000302e-01
3.019577654312133319e-02 3.490047740798262604e-02 7.974999999999999867e-01 7.620000000000000107e-01
2.994624274917657633e-02 3.484945695622912454e-02 8.000000000000000444e-01 7.770000000000000240e-01
2.879940399592833405e-02 3.424768061299163224e-02 8.225000000000000089e-01 7.790000000000000258e-01
2.865578893644825029e-02 3.425475054049411522e-02 8.145000000000000018e-01 7.740000000000000213e-01
2.786038487078860634e-02 3.319806803242891097e-02 8.265000000000000124e-01 7.800000000000000266e-01
2.861932736206205738e-02 3.352658597001077073e-02 8.080000000000000515e-01 7.750000000000000222e-01
2.999689036559556252e-02 3.564698197381478695e-02 8.145000000000000018e-01 7.770000000000000240e-01
2.822476973850135754e-02 3.337853190743355486e-02 8.110000000000000542e-01 7.640000000000000124e-01
2.868627423803199114e-02 3.387516660020978287e-02 8.139999999999999458e-01 7.750000000000000222e-01
2.813170224065252717e-02 3.350349372675111986e-02 8.285000000000000142e-01 7.900000000000000355e-01
2.758493431898020876e-02 3.280131751525167116e-02 8.215000000000000080e-01 7.860000000000000320e-01
3.023352689936938814e-02 3.554467476389510522e-02 7.934999999999999831e-01 7.690000000000000169e-01
2.723541194841950022e-02 3.267280655959863694e-02 8.235000000000000098e-01 7.810000000000000275e-01
2.794827180368832792e-02 3.383551588996979581e-02 8.309999999999999609e-01 7.800000000000000266e-01
2.775031369403668444e-02 3.384856210771836071e-02 8.279999999999999583e-01 7.750000000000000222e-01
2.832486572345699338e-02 3.371515847326038429e-02 8.249999999999999556e-01 7.850000000000000311e-01
2.773385666723075793e-02 3.293604947699588226e-02 8.175000000000000044e-01 7.850000000000000311e-01
2.951997538308005417e-02 3.591673620599915295e-02 8.175000000000000044e-01 7.590000000000000080e-01
2.925415457787763560e-02 3.474926008192380511e-02 7.994999999999999885e-01 7.650000000000000133e-01
2.605402595700462634e-02 3.136994649132092416e-02 8.289999999999999591e-01 7.840000000000000302e-01
2.748528008278376678e-02 3.298371408864104321e-02 8.295000000000000151e-01 7.850000000000000311e-01
2.804557568028982414e-02 3.336054959947876847e-02 8.125000000000000000e-01 7.780000000000000249e-01
2.905495064042397033e-02 3.552120033438747881e-02 8.245000000000000107e-01 7.860000000000000320e-01
2.768111599045500887e-02 3.330181072399774483e-02 8.195000000000000062e-01 7.740000000000000213e-01
2.823595626639582856e-02 3.428369722289540539e-02 8.209999999999999520e-01 7.770000000000000240e-01
2.763198653826544685e-02 3.398384434290151190e-02 8.279999999999999583e-01 7.780000000000000249e-01
2.677859818621361812e-02 3.252563638922378875e-02 8.175000000000000044e-01 7.830000000000000293e-01
2.643726465371740511e-02 3.259036595308549555e-02 8.379999999999999671e-01 7.870000000000000329e-01
2.682718418969718549e-02 3.310594356064628513e-02 8.355000000000000204e-01 7.810000000000000275e-01
2.838249112880482719e-02 3.457097973752518844e-02 8.235000000000000098e-01 7.800000000000000266e-01
2.718511152024171221e-02 3.296003045042828622e-02 8.279999999999999583e-01 7.890000000000000346e-01
2.683288110717304414e-02 3.317667276720921710e-02 8.325000000000000178e-01 7.850000000000000311e-01
2.686135990350860606e-02 3.264569541541194331e-02 8.235000000000000098e-01 7.810000000000000275e-01
2.584329193417827381e-02 3.204534287899133554e-02 8.455000000000000293e-01 7.960000000000000409e-01
2.566052160799655452e-02 3.207961100356416378e-02 8.365000000000000213e-01 7.820000000000000284e-01
2.560227628292930172e-02 3.191241994994196973e-02 8.405000000000000249e-01 7.960000000000000409e-01
2.608351216380191961e-02 3.259444026370791891e-02 8.369999999999999662e-01 7.880000000000000338e-01
2.588355187467742541e-02 3.196183494415780896e-02 8.385000000000000231e-01 7.900000000000000355e-01
2.775937598805601134e-02 3.433664852421686869e-02 8.269999999999999574e-01 7.770000000000000240e-01
2.573695375567736088e-02 3.205923446680581518e-02 8.345000000000000195e-01 7.860000000000000320e-01
2.642118062659970512e-02 3.219257109985669552e-02 8.235000000000000098e-01 7.840000000000000302e-01
2.633967122408415254e-02 3.254000486835712663e-02 8.269999999999999574e-01 7.770000000000000240e-01
2.489798488394327075e-02 3.128990226427161292e-02 8.449999999999999734e-01 7.940000000000000391e-01
2.567128079945547522e-02 3.245514499726721153e-02 8.385000000000000231e-01 7.760000000000000231e-01
2.802956824065387306e-02 3.449919037679572559e-02 8.299999999999999600e-01 7.830000000000000293e-01
2.661051632621901086e-02 3.344483209742086377e-02 8.399999999999999689e-01 7.930000000000000382e-01
2.537760761146741831e-02 3.184772822503265099e-02 8.379999999999999671e-01 7.870000000000000329e-01
2.509954938910398045e-02 3.135205654280170257e-02 8.385000000000000231e-01 7.880000000000000338e-01
2.523885120598319196e-02 3.166549185645030351e-02 8.439999999999999725e-01 7.960000000000000409e-01
2.529599971338315767e-02 3.184251069151104035e-02 8.455000000000000293e-01 7.910000000000000364e-01
2.403428210176043051e-02 3.009129372125647281e-02 8.405000000000000249e-01 7.940000000000000391e-01
2.508861930832358839e-02 3.153214047962885763e-02 8.379999999999999671e-01 7.890000000000000346e-01
2.510885038178728781e-02 3.143470316954233984e-02 8.405000000000000249e-01 7.840000000000000302e-01
2.564369012079754234e-02 3.276719256385109136e-02 8.389999999999999680e-01 7.850000000000000311e-01
2.501183971294989455e-02 3.153995307335204917e-02 8.385000000000000231e-01 7.930000000000000382e-01
2.656558110702756173e-02 3.369111715147183467e-02 8.345000000000000195e-01 7.840000000000000302e-01
2.467444134452358162e-02 3.124631647956285438e-02 8.455000000000000293e-01 7.920000000000000373e-01
2.549838316847883105e-02 3.174979571427593433e-02 8.415000000000000258e-01 7.910000000000000364e-01
2.495193482437672514e-02 3.149567008866840240e-02 8.355000000000000204e-01 7.900000000000000355e-01
2.396909421640973370e-02 3.045562857757530550e-02 8.509999999999999787e-01 7.910000000000000364e-01
2.417594655638558715e-02 3.091807719071575783e-02 8.475000000000000311e-01 7.920000000000000373e-01
2.464331289144017570e-02 3.124129926646935368e-02 8.459999999999999742e-01 7.870000000000000329e-01
2.442759818106422787e-02 3.083590968561092036e-02 8.385000000000000231e-01 7.870000000000000329e-01
2.406355098085350211e-02 3.073796714766283480e-02 8.415000000000000258e-01 7.900000000000000355e-01
2.472504869888200729e-02 3.175148566971058850e-02 8.469999999999999751e-01 8.000000000000000444e-01
2.643781552594239720e-02 3.401967597054032788e-02 8.425000000000000266e-01 7.880000000000000338e-01
2.436274877511228343e-02 3.132315428923102690e-02 8.559999999999999831e-01 8.000000000000000444e-01
2.689402884456986928e-02 3.408927873254133378e-02 8.329999999999999627e-01 7.810000000000000275e-01
2.628877281254841589e-02 3.316288127890061610e-02 8.289999999999999591e-01 7.840000000000000302e-01
2.459180311649123915e-02 3.128377579282409782e-02 8.385000000000000231e-01 7.930000000000000382e-01
2.551407177118575342e-02 3.279897319504883335e-02 8.415000000000000258e-01 7.930000000000000382e-01
2.428583911750575863e-02 3.122567924152514288e-02 8.495000000000000329e-01 7.920000000000000373e-01
2.432317081294773156e-02 3.186180369702899806e-02 8.469999999999999751e-01 7.930000000000000382e-01
2.354207387848849739e-02 3.022011571042986997e-02 8.449999999999999734e-01 7.950000000000000400e-01
2.425913083815840754e-02 3.135680106842939768e-02 8.525000000000000355e-01 7.960000000000000409e-01
2.373441980212129612e-02 3.098046864853112523e-02 8.515000000000000346e-01 8.000000000000000444e-01
2.502884660678552503e-02 3.248385839008874343e-02 8.499999999999999778e-01 7.890000000000000346e-01
2.335723944691478829e-02 3.038226567788217952e-02 8.535000000000000364e-01 7.960000000000000409e-01
2.437815074656782960e-02 3.124386000732511104e-02 8.385000000000000231e-01 7.900000000000000355e-01
2.549537724078014891e-02 3.273108099117940512e-02 8.359999999999999654e-01 7.940000000000000391e-01
2.433447851119363570e-02 3.170702087329256569e-02 8.495000000000000329e-01 7.950000000000000400e-01
2.369377902653344720e-02 3.067550297602168741e-02 8.555000000000000382e-01 7.970000000000000417e-01
2.353700216412729640e-02 3.051447722113399472e-02 8.485000000000000320e-01 7.980000000000000426e-01
2.441923382117728442e-02 3.150737733609041552e-02 8.495000000000000329e-01 7.920000000000000373e-01
2.307517867177665341e-02 3.058395731388099947e-02 8.589999999999999858e-01 8.000000000000000444e-01
2.384377852344663276e-02 3.050413673902674372e-02 8.425000000000000266e-01 7.970000000000000417e-01
2.401110927582010557e-02 3.125529543170696423e-02 8.489999999999999769e-01 7.960000000000000409e-01
2.361433984976585992e-02 3.076128048917719723e-02 8.549999999999999822e-01 8.020000000000000462e-01
2.292859262080225446e-02 3.046792584192012723e-02 8.509999999999999787e-01 8.000000000000000444e-01
2.315272645162276544e-02 3.053823665380704308e-02 8.535000000000000364e-01 8.020000000000000462e-01
2.352316705557657220e-02 3.096123308541514837e-02 8.495000000000000329e-01 8.040000000000000480e-01
2.294717097312969079e-02 2.991729775218830018e-02 8.529999999999999805e-01 8.030000000000000471e-01
2.449105836173274750e-02 3.233935607617217239e-02 8.455000000000000293e-01 7.950000000000000400e-01
2.361512683554583061e-02 3.105267859396112703e-02 8.459999999999999742e-01 7.990000000000000435e-01
2.481927820400499710e-02 3.188127915514440969e-02 8.359999999999999654e-01 7.830000000000000293e-01
2.392219136659658185e-02 3.099865594084729933e-02 8.555000000000000382e-01 8.010000000000000453e-01
2.379883337104748628e-02 3.097687780398276913e-02 8.505000000000000338e-01 7.930000000000000382e-01
2.338208887780889381e-02 3.069455448460801233e-02 8.489999999999999769e-01 7.880000000000000338e-01
2.293488378603320693e-02 3.068037019454537828e-02 8.525000000000000355e-01 8.010000000000000453e-01
2.271813370111656558e-02 3.024371543557158315e-02 8.559999999999999831e-01 7.950000000000000400e-01
2.305846087110084708e-02 3.040174472687823953e-02 8.559999999999999831e-01 8.060000000000000497e-01
2.351989922274413600e-02 3.084402351948282994e-02 8.589999999999999858e-01 7.970000000000000417e-01
2.272261045698481183e-02 2.972675401561249847e-02 8.519999999999999796e-01 8.000000000000000444e-01
2.267134736982702112e-02 3.012625602886136525e-02 8.585000000000000409e-01 8.060000000000000497e-01
2.420700854932334931e-02 3.205282958702488499e-02 8.579999999999999849e-01 8.020000000000000462e-01
2.235839304138487887e-02 2.989365809142243563e-02 8.605000000000000426e-01 8.070000000000000506e-01
2.460939977969622827e-02 3.148086683856712864e-02 8.395000000000000240e-01 7.840000000000000302e-01
2.519466766574352673e-02 3.224139806865226887e-02 8.319999999999999618e-01 7.800000000000000266e-01
2.479554064414696626e-02 3.198278190271505728e-02 8.309999999999999609e-01 7.860000000000000320e-01
2.380989728302488825e-02 3.123609468231741682e-02 8.445000000000000284e-01 7.910000000000000364e-01
2.366312423220997760e-02 3.141266546735377307e-02 8.499999999999999778e-01 7.910000000000000364e-01
2.205220253420090565e-02 2.975577238188473195e-02 8.599999999999999867e-01 8.050000000000000488e-01
2.313451773490026939e-02 3.037601435630284813e-02 8.549999999999999822e-01 8.010000000000000453e-01
2.208073123204464319e-02 2.962455899074502644e-02 8.555000000000000382e-01 8.020000000000000462e-01
2.386092041799020569e-02 3.129208585853724550e-02 8.475000000000000311e-01 7.950000000000000400e-01
2.307618342204491302e-02 3.041648115109180095e-02 8.435000000000000275e-01 7.910000000000000364e-01
2.248514935010335197e-02 3.023254343229900276e-02 8.605000000000000426e-01 8.030000000000000471e-01
2.390827010678686984e-02 3.125997016400951234e-02 8.405000000000000249e-01 7.860000000000000320e-01
2.143933031601413450e-02 2.919256918584018159e-02 8.625000000000000444e-01 8.010000000000000453e-01
2.278850216623310582e-02 3.023470157651845375e-02 8.579999999999999849e-01 7.960000000000000409e-01
2.154371400834352579e-02 2.915484978262240789e-02 8.629999999999999893e-01 8.040000000000000480e-01
2.167604861606671485e-02 2.917764955439478003e-02 8.595000000000000417e-01 8.000000000000000444e-01
2.272786039571138630e-02 3.056301843187268774e-02 8.599999999999999867e-01 8.030000000000000471e-01
2.318259954169420850e-02 3.096501026036782567e-02 8.589999999999999858e-01 8.010000000000000453e-01
2.278718117257047537e-02 3.072895846563507283e-02 8.625000000000000444e-01 8.010000000000000453e-01
2.280561697491759188e-02 3.053002622116911605e-02 8.525000000000000355e-01 7.950000000000000400e-01
2.157938633886248223e-02 2.909860919250199796e-02 8.605000000000000426e-01 8.040000000000000480e-01
2.267331337973421332e-02 3.072019246705618920e-02 8.589999999999999858e-01 7.950000000000000400e-01
2.240316945479032748e-02 3.023209455823043859e-02 8.689999999999999947e-01 7.960000000000000409e-01
2.216895510142544504e-02 2.984405391187916479e-02 8.599999999999999867e-01 8.020000000000000462e-01
2.335912416011763637e-02 3.121161512160791629e-02 8.565000000000000391e-01 7.920000000000000373e-01
2.167525485261986851e-02 2.954939658513191028e-02 8.655000000000000471e-01 7.990000000000000435e-01
2.356752739911965877e-02 3.176711418621442490e-02 8.509999999999999787e-01 7.940000000000000391e-01
2.284348119227772728e-02 3.032458775395407286e-02 8.469999999999999751e-01 7.840000000000000302e-01
2.182100580486997371e-02 2.980315098034047247e-02 8.649999999999999911e-01 8.030000000000000471e-01
2.180543214488216835e-02 2.947809596146458780e-02 8.629999999999999893e-01 8.040000000000000480e-01
2.211465460424335422e-02 3.007396001161900465e-02 8.625000000000000444e-01 8.040000000000000480e-01
2.320320893940572629e-02 3.100135517643813621e-02 8.515000000000000346e-01 7.950000000000000400e-01
2.147731767811563927e-02 2.924724263286992282e-02 8.625000000000000444e-01 8.040000000000000480e-01
2.230165473295631431e-02 3.028162571806619283e-02 8.585000000000000409e-01 7.990000000000000435e-01
2.221375130195226907e-02 3.035762717746289321e-02 8.625000000000000444e-01 7.960000000000000409e-01
2.192573121684497639e-02 2.992585498306408326e-02 8.629999999999999893e-01 8.000000000000000444e-01
2.185275943043378521e-02 2.989921568774446536e-02 8.635000000000000453e-01 8.050000000000000488e-01
2.133748441000366675e-02 2.911897521362786373e-02 8.625000000000000444e-01 8.060000000000000497e-01
2.255777333073377688e-02 3.060317267607629704e-02 8.559999999999999831e-01 7.950000000000000400e-01
2.186870932435827294e-02 2.962518062501048183e-02 8.599999999999999867e-01 8.020000000000000462e-01
2.214091893708453399e-02 2.999519146650586263e-02 8.585000000000000409e-01 7.990000000000000435e-01
2.264593838793579894e-02 3.081532422170320251e-02 8.535000000000000364e-01 8.000000000000000444e-01
2.201652038256238231e-02 3.040927525543246634e-02 8.609999999999999876e-01 8.000000000000000444e-01
2.196178877610187666e-02 3.010196242767425312e-02 8.655000000000000471e-01 7.930000000000000382e-01
2.299609988585729625e-02 3.093371634070534240e-02 8.495000000000000329e-01 7.950000000000000400e-01
2.374759420506894134e-02 3.134304743638510748e-02 8.385000000000000231e-01 7.950000000000000400e-01
2.202344556394923020e-02 3.001267669730519130e-02 8.719999999999999973e-01 8.030000000000000471e-01
2.096047500732124008e-02 2.877053564766067148e-02 8.665000000000000480e-01 8.090000000000000524e-01
2.135009043843973109e-02 2.965972917446382112e-02 8.735000000000000542e-01 8.020000000000000462e-01
2.291648129043673612e-02 3.125140438513446250e-02 8.559999999999999831e-01 8.040000000000000480e-01
2.250398415824121992e-02 3.076633610549751527e-02 8.665000000000000480e-01 8.030000000000000471e-01
2.129419989874943922e-02 2.911216073690090986e-02 8.609999999999999876e-01 8.010000000000000453e-01
2.302479585443512056e-02 3.124001526861748188e-02 8.599999999999999867e-01 8.020000000000000462e-01
2.275765721120382931e-02 3.098791059642562115e-02 8.669999999999999929e-01 8.010000000000000453e-01
2.148327515963545722e-02 2.954180202898619434e-02 8.665000000000000480e-01 8.030000000000000471e-01
2.271565725654915713e-02 3.109589377996183415e-02 8.585000000000000409e-01 8.040000000000000480e-01
2.147047079225873623e-02 2.950396245234340395e-02 8.615000000000000435e-01 8.000000000000000444e-01
2.249510212558822331e-02 3.084536619663713272e-02 8.675000000000000488e-01 7.960000000000000409e-01
2.132708431916552003e-02 2.975922290266371298e-02 8.619999999999999885e-01 8.040000000000000480e-01
2.324604608005314058e-02 3.128949024277696139e-02 8.469999999999999751e-01 7.910000000000000364e-01
2.168594048344166941e-02 2.991183059937885594e-02 8.699999999999999956e-01 8.090000000000000524e-01
2.107992981462872631e-02 2.959973184895002898e-02 8.655000000000000471e-01 8.040000000000000480e-01
2.256039706222440558e-02 3.052157158322353278e-02 8.505000000000000338e-01 7.950000000000000400e-01
2.179698989575820645e-02 2.990439445480643638e-02 8.525000000000000355e-01 8.000000000000000444e-01
2.179114017669320572e-02 3.011104435885823133e-02 8.579999999999999849e-01 8.040000000000000480e-01
2.137212034537436245e-02 2.956952117655616691e-02 8.645000000000000462e-01 8.020000000000000462e-01
2.154414414743068343e-02 2.979880353801376072e-02 8.645000000000000462e-01 8.000000000000000444e-01
2.236279218164492766e-02 3.105834090297754022e-02 8.609999999999999876e-01 8.030000000000000471e-01
2.181935689067267259e-02 3.016631424374635259e-02 8.629999999999999893e-01 7.960000000000000409e-01
2.201263957103259672e-02 3.048070801716986494e-02 8.609999999999999876e-01 8.020000000000000462e-01
2.154887212527782647e-02 3.014872896782883407e-02 8.645000000000000462e-01 7.940000000000000391e-01
2.245159468467483599e-02 3.028178336256621625e-02 8.519999999999999796e-01 7.960000000000000409e-01
2.180397358092090940e-02 3.044537029152790536e-02 8.625000000000000444e-01 8.020000000000000462e-01
2.153151764036162832e-02 2.966279626229353580e-02 8.645000000000000462e-01 8.040000000000000480e-01
2.167338627174217325e-02 3.024525687370365271e-02 8.645000000000000462e-01 8.030000000000000471e-01
2.091444338434665304e-02 2.909600456816922517e-02 8.669999999999999929e-01 8.030000000000000471e-01
2.128222492573643432e-02 2.947661743018355207e-02 8.615000000000000435e-01 7.990000000000000435e-01
2.186044603300666550e-02 2.990346068426630310e-02 8.579999999999999849e-01 8.000000000000000444e-01
2.142330217033656947e-02 2.992892707700899393e-02 8.629999999999999893e-01 8.010000000000000453e-01
2.192722363749599612e-02 3.028923145583386350e-02 8.585000000000000409e-01 7.890000000000000346e-01
2.152453543042583475e-02 2.985042111458950653e-02 8.639999999999999902e-01 8.050000000000000488e-01
2.200430757762170120e-02 2.993838536741209172e-02 8.605000000000000426e-01 8.040000000000000480e-01
2.049511942698493266e-02 2.876015171679819141e-02 8.695000000000000506e-01 8.129999999999999449e-01
2.124656683419728215e-02 2.955769906503950828e-02 8.665000000000000480e-01 8.020000000000000462e-01
2.108137570369978536e-02 2.930871264100089885e-02 8.635000000000000453e-01 8.030000000000000471e-01
2.194072124024915374e-02 2.997022493959691433e-02 8.555000000000000382e-01 7.910000000000000364e-01
2.115836022548235607e-02 2.954709260111126196e-02 8.735000000000000542e-01 8.020000000000000462e-01
2.276627934034673381e-02 3.138570732563644022e-02 8.589999999999999858e-01 7.960000000000000409e-01
2.125670449716934168e-02 2.994467854254561842e-02 8.689999999999999947e-01 8.040000000000000480e-01
2.083182414337728106e-02 2.939972535659564346e-02 8.669999999999999929e-01 8.129999999999999449e-01
2.132256809723670141e-02 2.978504659137703320e-02 8.635000000000000453e-01 8.060000000000000497e-01
2.268106491643866185e-02 3.161308330901064362e-02 8.585000000000000409e-01 7.930000000000000382e-01
2.160631287583134746e-02 3.026576405118812027e-02 8.655000000000000471e-01 8.030000000000000471e-01
2.329504729554011944e-02 3.144552244573276673e-02 8.429999999999999716e-01 7.780000000000000249e-01
2.131513502660463411e-02 3.006681988637078737e-02 8.695000000000000506e-01 8.020000000000000462e-01
2.105841814316584612e-02 2.955802247411064634e-02 8.685000000000000497e-01 7.950000000000000400e-01
2.075594810218229710e-02 2.913892812084063061e-02 8.659999999999999920e-01 8.020000000000000462e-01
2.171716438264233509e-02 3.029250560106162837e-02 8.639999999999999902e-01 8.040000000000000480e-01
2.225712490816168440e-02 3.031324586014339309e-02 8.515000000000000346e-01 7.930000000000000382e-01
2.033766920018506563e-02 2.906835831643151194e-02 8.705000000000000515e-01 8.100000000000000533e-01
2.288143049886074212e-02 3.144588286801811017e-02 8.475000000000000311e-01 7.860000000000000320e-01
2.020972465275995208e-02 2.880621691213018642e-02 8.695000000000000506e-01 8.100000000000000533e-01
2.126917753566665709e-02 3.010697030345496628e-02 8.725000000000000533e-01 8.080000000000000515e-01
2.056611719099290039e-02 2.952399252265603888e-02 8.725000000000000533e-01 8.050000000000000488e-01
2.079938738675537677e-02 2.927308181735425660e-02 8.735000000000000542e-01 8.110000000000000542e-01
2.047634558062480514e-02 2.874835004211938674e-02 8.645000000000000462e-01 8.090000000000000524e-01
2.198577780647491958e-02 3.019497590984410521e-02 8.615000000000000435e-01 7.970000000000000417e-01
2.082431458195017210e-02 2.953641504887059496e-02 8.705000000000000515e-01 8.060000000000000497e-01
2.058772183021893507e-02 2.951634374811425154e-02 8.709999999999999964e-01 8.100000000000000533e-01
2.099025633767387378e-02 2.976212703715623228e-02 8.705000000000000515e-01 8.010000000000000453e-01
2.107648611425291113e-02 2.986698023764922105e-02 8.750000000000000000e-01 8.080000000000000515e-01
2.078509555306640166e-02 2.938564950851933408e-02 8.659999999999999920e-01 8.010000000000000453e-01
2.105976030881305874e-02 2.970148637905852679e-02 8.659999999999999920e-01 8.060000000000000497e-01
2.064268970740370385e-02 2.907828069649498817e-02 8.679999999999999938e-01 8.010000000000000453e-01
2.125357539645994151e-02 2.979896516811896337e-02 8.585000000000000409e-01 7.980000000000000426e-01
2.024208337755089432e-02 2.899107035986597802e-02 8.729999999999999982e-01 8.030000000000000471e-01
2.073139850226509914e-02 2.915896943244723066e-02 8.639999999999999902e-01 8.030000000000000471e-01
2.135669173516863487e-02 3.037981335151436479e-02 8.629999999999999893e-01 7.970000000000000417e-01
2.107070009098908209e-02 2.980530792352248035e-02 8.679999999999999938e-01 8.010000000000000453e-01
1.970667079538187746e-02 2.859693659342763677e-02 8.760000000000000009e-01 8.139999999999999458e-01
2.140918185222876954e-02 3.040605020967570779e-02 8.629999999999999893e-01 8.020000000000000462e-01
2.052656375668056657e-02 2.964926803462628740e-02 8.745000000000000551e-01 8.100000000000000533e-01
2.034804556500380279e-02 2.940284829814360582e-02 8.725000000000000533e-01 7.980000000000000426e-01
2.072621372830087128e-02 2.956608704369351540e-02 8.649999999999999911e-01 8.040000000000000480e-01
2.072308957025058643e-02 2.981523264042966817e-02 8.745000000000000551e-01 8.129999999999999449e-01
2.110196932881653470e-02 2.999850536076831276e-02 8.615000000000000435e-01 7.990000000000000435e-01
2.051570950735423851e-02 2.954879188701176398e-02 8.729999999999999982e-01 7.990000000000000435e-01
2.010088403820804726e-02 2.915941591046581488e-02 8.709999999999999964e-01 8.070000000000000506e-01
2.044719931682384417e-02 2.942524962895324767e-02 8.725000000000000533e-01 8.010000000000000453e-01
2.011653688426238984e-02 2.921173848612074186e-02 8.764999999999999458e-01 8.020000000000000462e-01
2.119352156156911748e-02 2.999298803288668464e-02 8.589999999999999858e-01 7.940000000000000391e-01
2.016679500075250001e-02 2.901645539298779164e-02 8.729999999999999982e-01 7.990000000000000435e-01
2.033328774675025388e-02 2.920272700850307102e-02 8.669999999999999929e-01 8.040000000000000480e-01
2.040507367782133305e-02 2.930453265316566511e-02 8.739999999999999991e-01 8.030000000000000471e-01
2.021048044422683182e-02 2.927260996207891111e-02 8.750000000000000000e-01 8.080000000000000515e-01
2.062718625991555310e-02 2.962965370109000782e-02 8.655000000000000471e-01 7.990000000000000435e-01
2.038905852654290807e-02 2.956814375632495218e-02 8.754999999999999449e-01 8.070000000000000506e-01
2.124492191959991005e-02 3.033210185633750458e-02 8.549999999999999822e-01 7.980000000000000426e-01
2.029468347556509511e-02 2.912913641129275671e-02 8.709999999999999964e-01 8.020000000000000462e-01
2.005013147632035003e-02 2.878777624648050024e-02 8.719999999999999973e-01 8.080000000000000515e-01
1.998708664232535029e-02 2.896292216899604491e-02 8.784999999999999476e-01 8.090000000000000524e-01
2.018166459069950167e-02 2.928634537247171502e-02 8.735000000000000542e-01 8.060000000000000497e-01
2.191791678425704382e-02 3.038431115880058445e-02 8.529999999999999805e-01 7.940000000000000391e-01
2.004777199190712483e-02 2.903345821680178296e-02 8.790000000000000036e-01 8.070000000000000506e-01
2.024220893321410433e-02 2.929459323328481926e-02 8.770000000000000018e-01 7.970000000000000417e-01
1.979824984130530707e-02 2.873208120448508818e-02 8.735000000000000542e-01 8.080000000000000515e-01
2.107195774817971490e-02 2.945110370986915929e-02 8.605000000000000426e-01 7.990000000000000435e-01
2.008952386049212002e-02 2.920254174224745647e-02 8.739999999999999991e-01 8.070000000000000506e-01
1.999831616646309887e-02 2.903187127814867846e-02 8.745000000000000551e-01 8.080000000000000515e-01
2.126651425152225119e-02 3.062496069269660809e-02 8.719999999999999973e-01 7.970000000000000417e-01
1.992408238086675748e-02 2.892697708180219304e-02 8.739999999999999991e-01 8.139999999999999458e-01
2.009769507769439481e-02 2.942841410336941368e-02 8.745000000000000551e-01 8.010000000000000453e-01
2.011143525174324820e-02 2.946433905631591285e-02 8.739999999999999991e-01 8.010000000000000453e-01
2.025598568109381742e-02 2.982972263586328165e-02 8.725000000000000533e-01 8.080000000000000515e-01
2.062629428185075095e-02 2.927366267457724713e-02 8.675000000000000488e-01 8.060000000000000497e-01
1.938354816847777731e-02 2.819598942237534420e-02 8.780000000000000027e-01 8.110000000000000542e-01
1.951298660585461600e-02 2.863624833673580894e-02 8.735000000000000542e-01 8.050000000000000488e-01
2.082069940308000841e-02 2.964012801065457614e-02 8.635000000000000453e-01 7.990000000000000435e-01
1.954515110311783044e-02 2.857270776223646072e-02 8.774999999999999467e-01 8.149999999999999467e-01
2.036279979828986217e-02 3.011994183609405240e-02 8.754999999999999449e-01 8.060000000000000497e-01
1.986028306753724604e-02 2.927224101327510764e-02 8.754999999999999449e-01 8.110000000000000542e-01
2.003357348707179852e-02 2.956884926364357347e-02 8.750000000000000000e-01 8.110000000000000542e-01
2.043495823252293453e-02 2.927526021420051583e-02 8.705000000000000515e-01 8.070000000000000506e-01
2.127438630894125035e-02 3.067701121288189323e-02 8.619999999999999885e-01 7.930000000000000382e-01
2.062512089971305779e-02 2.963353033247427548e-02 8.659999999999999920e-01 8.000000000000000444e-01
1.974103877084782202e-02 2.902143644548562523e-02 8.719999999999999973e-01 8.020000000000000462e-01
2.030130507164843237e-02 2.976687913037061317e-02 8.750000000000000000e-01 8.080000000000000515e-01
2.046133366392118708e-02 2.937884666995452254e-02 8.705000000000000515e-01 8.030000000000000471e-01
2.033394931677844422e-02 2.956943608576269311e-02 8.729999999999999982e-01 8.070000000000000506e-01
2.003570525512384307e-02 2.929869367303268579e-02 8.739999999999999991e-01 8.050000000000000488e-01
2.008014898985090863e-02 2.941773193341777615e-02 8.735000000000000542e-01 8.080000000000000515e-01
1.972252801366269209e-02 2.882845749023881660e-02 8.725000000000000533e-01 8.060000000000000497e-01
2.136823629159868843e-02 3.014693338566327291e-02 8.629999999999999893e-01 7.910000000000000364e-01
1.951362798676941485e-02 2.884214293962888975e-02 8.760000000000000009e-01 8.149999999999999467e-01
1.968664622811684001e-02 2.924715905881418443e-02 8.814999999999999503e-01 8.090000000000000524e-01
1.971247404663884623e-02 2.886450236750624093e-02 8.774999999999999467e-01 8.149999999999999467e-01
1.956240949392641995e-02 2.866262118265866521e-02 8.790000000000000036e-01 8.110000000000000542e-01
2.118289369617533044e-02 3.101055273920413913e-02 8.739999999999999991e-01 8.080000000000000515e-01
1.939790812886802232e-02 2.915318615378197434e-02 8.834999999999999520e-01 8.080000000000000515e-01
2.194037685737117507e-02 3.121075079206950265e-02 8.555000000000000382e-01 7.840000000000000302e-01
1.951536376948931686e-02 2.912540540381053367e-02 8.804999999999999494e-01 8.080000000000000515e-01
2.026492063774998006e-02 2.985116533265022576e-02 8.709999999999999964e-01 8.060000000000000497e-01
1.977991720218880839e-02 2.906229967925049243e-02 8.784999999999999476e-01 8.040000000000000480e-01
1.941431747766948421e-02 2.900444278213383173e-02 8.780000000000000027e-01 8.090000000000000524e-01
1.984953389025023371e-02 2.952335626472028449e-02 8.780000000000000027e-01 8.080000000000000515e-01
1.927035415001240870e-02 2.870573886628001101e-02 8.800000000000000044e-01 8.129999999999999449e-01
2.021047030497192393e-02 2.946564405551455393e-02 8.794999999999999485e-01 8.110000000000000542e-01
2.164280713720316898e-02 3.053815938292992263e-02 8.619999999999999885e-01 7.930000000000000382e-01
1.984426915052975304e-02 2.929943469644353052e-02 8.810000000000000053e-01 8.179999999999999494e-01
2.051063688759215478e-02 2.976488819223269480e-02 8.669999999999999929e-01 8.010000000000000453e-01
2.021685613598482936e-02 2.978463299224917010e-02 8.709999999999999964e-01 8.040000000000000480e-01
1.914698339822311357e-02 2.843893022187079372e-02 8.780000000000000027e-01 8.090000000000000524e-01
2.001456984578223880e-02 2.940755169803871416e-02 8.745000000000000551e-01 8.120000000000000551e-01
2.017219825939534084e-02 3.012802909872975762e-02 8.774999999999999467e-01 8.080000000000000515e-01
2.007925553625624152e-02 2.939103543822514999e-02 8.655000000000000471e-01 7.990000000000000435e-01
2.020032164761984689e-02 2.982936065996542527e-02 8.745000000000000551e-01 8.060000000000000497e-01
1.930922118756516620e-02 2.910954979621960606e-02 8.784999999999999476e-01 8.030000000000000471e-01
1.961176090058431437e-02 2.916495940401964138e-02 8.854999999999999538e-01 8.100000000000000533e-01
1.909340869224025738e-02 2.846983385913159567e-02 8.800000000000000044e-01 8.080000000000000515e-01
1.985391516868487485e-02 2.920767674739944281e-02 8.699999999999999956e-01 8.070000000000000506e-01
2.062225570751162473e-02 2.970567518668365894e-02 8.679999999999999938e-01 8.000000000000000444e-01
1.926945047557760554e-02 2.893524143614547087e-02 8.760000000000000009e-01 8.100000000000000533e-01
2.061148522182932805e-02 2.977936968140624044e-02 8.689999999999999947e-01 8.030000000000000471e-01
1.986057213798828741e-02 2.927522659639935146e-02 8.830000000000000071e-01 8.100000000000000533e-01
2.025092977782359804e-02 2.976444748693395440e-02 8.719999999999999973e-01 8.020000000000000462e-01
1.934712297460726427e-02 2.899865206845800986e-02 8.739999999999999991e-01 8.110000000000000542e-01
2.080484882350608009e-02 3.038510153695913110e-02 8.629999999999999893e-01 7.970000000000000417e-01
1.898500513480935736e-02 2.880510378111621195e-02 8.824999999999999512e-01 8.090000000000000524e-01
1.939813741694284763e-02 2.902667632500306391e-02 8.854999999999999538e-01 8.080000000000000515e-01
2.040441746500703396e-02 3.020022279591003111e-02 8.689999999999999947e-01 7.990000000000000435e-01
2.008665203984339939e-02 2.907477466392006243e-02 8.699999999999999956e-01 8.000000000000000444e-01
2.002723763444893071e-02 2.998710324950359246e-02 8.709999999999999964e-01 8.010000000000000453e-01
1.976912758230921219e-02 2.925170278360555640e-02 8.719999999999999973e-01 8.110000000000000542e-01
1.992433700615166281e-02 2.943846348308110095e-02 8.709999999999999964e-01 8.129999999999999449e-01
2.082697441295641716e-02 3.042508582203626646e-02 8.645000000000000462e-01 8.010000000000000453e-01
1.913158876338584211e-02 2.891041561278481775e-02 8.830000000000000071e-01 8.120000000000000551e-01
1.940464185245308407e-02 2.923880148350488026e-02 8.830000000000000071e-01 8.090000000000000524e-01
2.114504278537780724e-02 3.047819504028552798e-02 8.615000000000000435e-01 7.890000000000000346e-01
1.863694260134328776e-02 2.849662472255094434e-02 8.854999999999999538e-01 8.110000000000000542e-01
