9.023297302596972047e-02 9.035005288834040138e-02 2.535000000000000031e-01 2.369999999999999885e-01
8.913875035425759819e-02 8.918685442231415184e-02 2.605000000000000093e-01 2.429999999999999938e-01
8.496869695572073500e-02 8.517913685416796110e-02 5.270000000000000240e-01 5.070000000000000062e-01
7.707730059176023940e-02 7.760620039873561415e-02 5.745000000000000107e-01 5.779999999999999583e-01
6.783540655946194986e-02 6.829996712621552724e-02 5.979999999999999760e-01 5.969999999999999751e-01
6.194766541421968531e-02 6.291003360950278567e-02 6.119999999999999885e-01 5.819999999999999618e-01
5.759934915013278922e-02 5.837712464074047702e-02 6.734999999999999876e-01 6.670000000000000373e-01
5.239567897539661873e-02 5.391926072949034671e-02 6.694999999999999840e-01 6.620000000000000329e-01
4.810125990992898670e-02 4.979383863523113851e-02 6.734999999999999876e-01 6.630000000000000338e-01
4.493705568024668195e-02 4.713395269549264244e-02 6.959999999999999520e-01 6.750000000000000444e-01
4.314607711104624654e-02 4.491521946353772138e-02 7.169999999999999707e-01 7.079999999999999627e-01
4.112589645550805001e-02 4.319357835718147520e-02 7.309999999999999831e-01 7.159999999999999698e-01
4.069033207191839752e-02 4.289967956699032581e-02 7.409999999999999920e-01 7.219999999999999751e-01
4.061273273761673019e-02 4.227613640999228900e-02 7.235000000000000320e-01 7.199999999999999734e-01
3.827401796571951176e-02 4.082587956380995253e-02 7.415000000000000480e-01 7.379999999999999893e-01
3.743575365999802368e-02 4.016692339405027179e-02 7.465000000000000524e-01 7.349999999999999867e-01
3.583220297129698084e-02 3.885570236553237411e-02 7.590000000000000080e-01 7.449999999999999956e-01
3.462155634339513649e-02 3.850225643641159295e-02 7.634999999999999565e-01 7.259999999999999787e-01
3.624795031991907834e-02 4.008681049468863777e-02 7.594999999999999529e-01 7.309999999999999831e-01
3.579412059836348942e-02 4.014741466851992624e-02 7.754999999999999671e-01 7.419999999999999929e-01
3.398304588897579914e-02 3.770965327583208210e-02 7.764999999999999680e-01 7.449999999999999956e-01
3.453342020389684602e-02 3.843615579818431688e-02 7.794999999999999707e-01 7.459999999999999964e-01
3.231887304904548092e-02 3.675565355054617733e-02 7.894999999999999796e-01 7.640000000000000124e-01
3.183007245488554682e-02 3.671335160234508177e-02 8.000000000000000444e-01 7.570000000000000062e-01
3.009489509712506838e-02 3.515229042874613158e-02 8.139999999999999458e-01 7.690000000000000169e-01
3.283714004239179918e-02 3.729290460718454742e-02 7.950000000000000400e-01 7.630000000000000115e-01
3.348348062006994280e-02 3.853463384213454135e-02 7.914999999999999813e-01 7.590000000000000080e-01
2.917415132281602277e-02 3.447714524829918054e-02 8.024999999999999911e-01 7.620000000000000107e-01
3.041680370758681473e-02 3.601858040869349020e-02 8.149999999999999467e-01 7.680000000000000160e-01
3.107080266162152646e-02 3.594789341837462127e-02 7.940000000000000391e-01 7.570000000000000062e-01
2.843139380981330247e-02 3.379826504324834335e-02 8.245000000000000107e-01 7.840000000000000302e-01
2.927716733384867764e-02 3.468523376866066571e-02 8.040000000000000480e-01 7.730000000000000204e-01
2.991812878353668909e-02 3.570166770786842997e-02 8.175000000000000044e-01 7.860000000000000320e-01
2.763147701145125118e-02 3.297337319969105562e-02 8.229999999999999538e-01 7.930000000000000382e-01
2.901322765498523526e-02 3.449164035104418380e-02 8.255000000000000115e-01 7.830000000000000293e-01
2.805543306430898984e-02 3.341635557253647831e-02 8.094999999999999973e-01 7.810000000000000275e-01
2.699436101218006048e-02 3.259685279934702862e-02 8.205000000000000071e-01 7.840000000000000302e-01
2.676734889387773902e-02 3.307155359961817809e-02 8.299999999999999600e-01 7.820000000000000284e-01
3.222396188096738473e-02 3.771402935246551125e-02 7.804999999999999716e-01 7.469999999999999973e-01
2.600551491887541020e-02 3.235744527376951951e-02 8.345000000000000195e-01 7.840000000000000302e-01
2.647080301646043479e-02 3.309127683081078408e-02 8.195000000000000062e-01 7.830000000000000293e-01
2.711206648309136963e-02 3.351623280392188736e-02 8.289999999999999591e-01 7.900000000000000355e-01
2.667522267822850998e-02 3.291416075399766078e-02 8.339999999999999636e-01 7.850000000000000311e-01
2.528046444373540161e-02 3.174816439660940043e-02 8.425000000000000266e-01 7.950000000000000400e-01
2.616361412259033195e-02 3.244811311139637888e-02 8.275000000000000133e-01 7.840000000000000302e-01
2.688398671335105045e-02 3.410040429003117352e-02 8.355000000000000204e-01 7.890000000000000346e-01
2.738427579819988425e-02 3.397907000630706609e-02 8.289999999999999591e-01 7.780000000000000249e-01
2.656513104459218635e-02 3.312128664730233651e-02 8.405000000000000249e-01 7.930000000000000382e-01
2.909824541664397107e-02 3.530871073806859245e-02 8.094999999999999973e-01 7.700000000000000178e-01
2.570744583276657683e-02 3.269803419975454706e-02 8.385000000000000231e-01 7.950000000000000400e-01
2.675921575273196296e-02 3.320506332218232937e-02 8.205000000000000071e-01 7.810000000000000275e-01
2.420039852740019440e-02 3.107360884545983665e-02 8.495000000000000329e-01 7.970000000000000417e-01
2.568090391142639414e-02 3.277374423630761979e-02 8.415000000000000258e-01 7.980000000000000426e-01
2.505481815912637480e-02 3.253780802835860853e-02 8.465000000000000302e-01 8.010000000000000453e-01
2.431071690501082627e-02 3.168855243928572069e-02 8.499999999999999778e-01 8.020000000000000462e-01
2.459366246592254238e-02 3.194707560016192549e-02 8.529999999999999805e-01 7.950000000000000400e-01
2.580043128164006758e-02 3.262617466099865249e-02 8.255000000000000115e-01 7.860000000000000320e-01
2.408089490237365349e-02 3.179780264292478981e-02 8.509999999999999787e-01 8.030000000000000471e-01
2.611594721438886477e-02 3.343044965421899245e-02 8.249999999999999556e-01 7.760000000000000231e-01
2.289367013645779089e-02 3.036769348587002246e-02 8.559999999999999831e-01 8.139999999999999458e-01
2.513620103212037965e-02 3.244519122288511831e-02 8.299999999999999600e-01 7.850000000000000311e-01
2.484774720591665167e-02 3.185834242166075969e-02 8.375000000000000222e-01 7.890000000000000346e-01
2.558120629246307329e-02 3.323722278465126440e-02 8.349999999999999645e-01 7.950000000000000400e-01
2.463835630906020119e-02 3.217549022340349812e-02 8.495000000000000329e-01 7.930000000000000382e-01
2.350170462905486896e-02 3.095584582821480843e-02 8.549999999999999822e-01 8.030000000000000471e-01
2.546679792007786741e-02 3.345074754653946936e-02 8.475000000000000311e-01 7.970000000000000417e-01
2.347937579343287867e-02 3.096398915515898714e-02 8.535000000000000364e-01 7.990000000000000435e-01
2.267798275199763361e-02 3.013867950024766776e-02 8.615000000000000435e-01 8.060000000000000497e-01
2.467153153145554972e-02 3.225038923398552970e-02 8.385000000000000231e-01 7.880000000000000338e-01
2.394904154463126794e-02 3.156180989056081576e-02 8.449999999999999734e-01 7.950000000000000400e-01
2.426707856774255531e-02 3.188033147757315250e-02 8.455000000000000293e-01 7.920000000000000373e-01
2.508248258557164295e-02 3.221378456617014774e-02 8.409999999999999698e-01 8.000000000000000444e-01
2.305306472224696174e-02 3.115302085064295193e-02 8.585000000000000409e-01 8.020000000000000462e-01
2.326550910053584026e-02 3.142006501281659203e-02 8.535000000000000364e-01 8.010000000000000453e-01
2.334790733422116571e-02 3.152586244110989339e-02 8.455000000000000293e-01 7.920000000000000373e-01
2.322346201116883696e-02 3.159458977496579224e-02 8.575000000000000400e-01 7.970000000000000417e-01
2.301365644653452849e-02 3.116505969745438087e-02 8.585000000000000409e-01 8.030000000000000471e-01
2.255334511274703982e-02 3.032671153401446384e-02 8.519999999999999796e-01 8.000000000000000444e-01
2.374962055250964474e-02 3.174787220380852898e-02 8.549999999999999822e-01 8.030000000000000471e-01
2.371673330216498427e-02 3.183458110165116040e-02 8.459999999999999742e-01 7.960000000000000409e-01
2.227451543100484460e-02 3.042900264239031469e-02 8.585000000000000409e-01 7.880000000000000338e-01
2.177963419210197926e-02 2.953117431422045899e-02 8.655000000000000471e-01 8.169999999999999485e-01
2.235139954429306991e-02 3.075836814321836546e-02 8.569999999999999840e-01 7.920000000000000373e-01
2.154734366481493579e-02 2.985777998519057938e-02 8.655000000000000471e-01 8.030000000000000471e-01
2.307471947017484745e-02 3.193505449416383923e-02 8.549999999999999822e-01 8.000000000000000444e-01
2.398323873143514209e-02 3.229481720324823418e-02 8.475000000000000311e-01 7.930000000000000382e-01
2.197693803562588907e-02 3.013284043259834705e-02 8.639999999999999902e-01 8.040000000000000480e-01
2.232532849386629006e-02 3.089442208724135080e-02 8.615000000000000435e-01 8.060000000000000497e-01
2.230016889828570492e-02 3.102055748211629549e-02 8.585000000000000409e-01 8.010000000000000453e-01
2.231831959850591809e-02 3.082197480700036088e-02 8.629999999999999893e-01 8.090000000000000524e-01
2.050090175333340106e-02 2.891982177063914458e-02 8.685000000000000497e-01 8.110000000000000542e-01
2.249547132475868474e-02 3.097118700457343263e-02 8.545000000000000373e-01 8.000000000000000444e-01
2.303863304178180305e-02 3.163886026644362193e-02 8.559999999999999831e-01 7.930000000000000382e-01
2.183978082326903242e-02 3.064514670634388774e-02 8.595000000000000417e-01 7.990000000000000435e-01
2.156372112169350347e-02 3.041776643401194677e-02 8.629999999999999893e-01 7.970000000000000417e-01
2.227569082429141020e-02 3.054786349224443073e-02 8.509999999999999787e-01 7.900000000000000355e-01
2.314873999605250587e-02 3.142287396502192742e-02 8.465000000000000302e-01 7.870000000000000329e-01
2.230700771787040224e-02 3.099433996678306602e-02 8.689999999999999947e-01 8.090000000000000524e-01
2.532120763311588099e-02 3.290649072573506584e-02 8.385000000000000231e-01 7.910000000000000364e-01
2.303949847004560514e-02 3.117682467118751063e-02 8.465000000000000302e-01 7.940000000000000391e-01
2.178400748966205502e-02 3.021038876166994014e-02 8.529999999999999805e-01 7.960000000000000409e-01
2.135526263721426385e-02 2.977063749735134324e-02 8.645000000000000462e-01 8.129999999999999449e-01
2.187559563961597245e-02 3.076941047396149556e-02 8.539999999999999813e-01 7.990000000000000435e-01
2.074231381945532138e-02 2.932956313151230399e-02 8.695000000000000506e-01 8.090000000000000524e-01
2.199743600684854125e-02 3.120390358248958593e-02 8.649999999999999911e-01 7.980000000000000426e-01
2.265347012083403222e-02 3.039483177125145569e-02 8.439999999999999725e-01 8.010000000000000453e-01
2.278235570295461185e-02 3.240594320134425332e-02 8.599999999999999867e-01 7.950000000000000400e-01
2.207336062452035230e-02 3.107799731538069682e-02 8.599999999999999867e-01 7.940000000000000391e-01
2.098947523173888899e-02 2.990773336826538925e-02 8.599999999999999867e-01 7.960000000000000409e-01
2.228071981426990936e-02 3.124227768831275287e-02 8.589999999999999858e-01 7.990000000000000435e-01
2.066338027720768591e-02 2.943618624892636176e-02 8.729999999999999982e-01 8.129999999999999449e-01
2.144797468815907993e-02 3.068830918067374722e-02 8.605000000000000426e-01 8.000000000000000444e-01
1.997709952547176149e-02 2.899908502661316390e-02 8.715000000000000524e-01 8.080000000000000515e-01
2.198648392522039446e-02 3.193460532013197434e-02 8.649999999999999911e-01 8.010000000000000453e-01
2.123811114597722732e-02 3.019807223015489456e-02 8.555000000000000382e-01 8.010000000000000453e-01
2.206228374383241431e-02 3.130184268837612332e-02 8.519999999999999796e-01 8.030000000000000471e-01
2.093776535363373742e-02 2.958349697397153963e-02 8.709999999999999964e-01 8.020000000000000462e-01
2.158449060878501330e-02 3.127844149657561801e-02 8.669999999999999929e-01 7.970000000000000417e-01
2.009197998196541463e-02 2.967085743155208760e-02 8.715000000000000524e-01 8.040000000000000480e-01
2.005787987639133171e-02 2.954606268460131455e-02 8.689999999999999947e-01 8.169999999999999485e-01
2.036583738368020688e-02 2.997211218451511713e-02 8.705000000000000515e-01 8.179999999999999494e-01
2.042277974880785107e-02 2.974966649247605746e-02 8.709999999999999964e-01 8.100000000000000533e-01
1.937032889777079436e-02 2.859241569387359003e-02 8.750000000000000000e-01 8.209999999999999520e-01
1.998011558513241095e-02 2.993347238062323348e-02 8.719999999999999973e-01 8.120000000000000551e-01
1.971484652125983505e-02 2.943721320818421666e-02 8.739999999999999991e-01 8.189999999999999503e-01
1.906749525519082361e-02 2.856829371426870823e-02 8.800000000000000044e-01 8.179999999999999494e-01
1.954072346144658523e-02 2.909100857846390678e-02 8.830000000000000071e-01 8.110000000000000542e-01
1.989286531859530555e-02 2.959863621995401095e-02 8.790000000000000036e-01 8.179999999999999494e-01
1.919952873169853552e-02 2.886842426003797049e-02 8.810000000000000053e-01 8.129999999999999449e-01
1.959229513719618759e-02 2.906143661693845817e-02 8.810000000000000053e-01 8.179999999999999494e-01
1.950209970431620102e-02 2.895734395270190345e-02 8.725000000000000533e-01 8.110000000000000542e-01
1.949045547522901267e-02 2.875459785705915608e-02 8.715000000000000524e-01 8.090000000000000524e-01
2.113299834555349907e-02 3.047349805529707412e-02 8.655000000000000471e-01 8.060000000000000497e-01
2.002800428215591524e-02 2.954980380904519144e-02 8.735000000000000542e-01 8.040000000000000480e-01
1.938948368696830418e-02 2.878164902053915314e-02 8.725000000000000533e-01 8.070000000000000506e-01
1.940350791740706737e-02 2.939782401719453001e-02 8.810000000000000053e-01 8.179999999999999494e-01
1.914949832334430710e-02 2.907207315015260252e-02 8.774999999999999467e-01 8.050000000000000488e-01
1.964273331165104081e-02 2.954989310501972971e-02 8.774999999999999467e-01 8.000000000000000444e-01
1.880292155191515616e-02 2.837028450156456674e-02 8.834999999999999520e-01 8.070000000000000506e-01
1.942715488275628677e-02 2.937129601086810315e-02 8.735000000000000542e-01 8.080000000000000515e-01
1.985945191951631397e-02 3.001928416499113211e-02 8.750000000000000000e-01 8.070000000000000506e-01
1.873995206391552287e-02 2.821733552112971888e-02 8.770000000000000018e-01 8.179999999999999494e-01
1.969721743910827702e-02 2.881810316630749672e-02 8.669999999999999929e-01 8.080000000000000515e-01
1.853409740404629927e-02 2.865955323807115041e-02 8.840000000000000080e-01 8.159999999999999476e-01
1.936156892944393762e-02 2.918137087259082760e-02 8.754999999999999449e-01 8.080000000000000515e-01
1.803825068334539636e-02 2.778384400590439354e-02 8.830000000000000071e-01 8.189999999999999503e-01
1.833503734501305479e-02 2.803350351375257649e-02 8.820000000000000062e-01 8.139999999999999458e-01
1.942158148500803400e-02 2.917537995234934997e-02 8.709999999999999964e-01 8.159999999999999476e-01
1.983744906886278012e-02 2.979774094681608698e-02 8.709999999999999964e-01 8.090000000000000524e-01
1.970390955837465763e-02 2.980550055237360385e-02 8.754999999999999449e-01 8.100000000000000533e-01
1.839367950866133139e-02 2.819593527083835011e-02 8.810000000000000053e-01 8.159999999999999476e-01
1.895269722317330027e-02 2.937693161075809536e-02 8.824999999999999512e-01 8.100000000000000533e-01
1.827537567354629161e-02 2.809665428156469039e-02 8.820000000000000062e-01 8.159999999999999476e-01
1.838363997090549859e-02 2.855903068266715805e-02 8.874999999999999556e-01 8.199999999999999512e-01
1.815560910305962297e-02 2.836581661290346265e-02 8.800000000000000044e-01 8.139999999999999458e-01
1.985937873420521096e-02 2.995420847087357924e-02 8.830000000000000071e-01 8.139999999999999458e-01
1.952580593139694592e-02 2.909156363539283294e-02 8.834999999999999520e-01 8.120000000000000551e-01
1.860637803046947397e-02 2.875267057842175941e-02 8.794999999999999485e-01 8.129999999999999449e-01
1.849722800557853861e-02 2.832691591369776787e-02 8.804999999999999494e-01 8.120000000000000551e-01
1.838780560723505750e-02 2.875361784258462922e-02 8.884999999999999565e-01 8.249999999999999556e-01
1.829585621548857413e-02 2.866591854663906938e-02 8.810000000000000053e-01 8.139999999999999458e-01
1.885110431222727576e-02 2.842951136072624160e-02 8.760000000000000009e-01 8.209999999999999520e-01
1.785206311557967912e-02 2.813586061170499780e-02 8.904999999999999583e-01 8.189999999999999503e-01
1.812197276313160660e-02 2.845812652299602521e-02 8.840000000000000080e-01 8.110000000000000542e-01
1.762345963285836745e-02 2.729563976931665206e-02 8.874999999999999556e-01 8.239999999999999547e-01
1.912019351555166100e-02 2.950949009188815267e-02 8.830000000000000071e-01 8.179999999999999494e-01
1.874275302218659373e-02 2.816181586604531509e-02 8.854999999999999538e-01 8.179999999999999494e-01
1.792336178166836075e-02 2.833333345701312400e-02 8.880000000000000115e-01 8.129999999999999449e-01
1.884961570893270780e-02 2.945186059391302277e-02 8.820000000000000062e-01 8.080000000000000515e-01
1.902619727159200400e-02 2.909276204758686618e-02 8.735000000000000542e-01 8.100000000000000533e-01
1.726077989832017212e-02 2.734033351533401990e-02 8.900000000000000133e-01 8.189999999999999503e-01
1.747260430054679847e-02 2.857095927109617323e-02 8.904999999999999583e-01 8.169999999999999485e-01
1.991898604695771513e-02 3.003880351739572976e-02 8.689999999999999947e-01 8.040000000000000480e-01
1.931596303457237124e-02 3.008139083812368456e-02 8.705000000000000515e-01 7.920000000000000373e-01
1.763031919915923271e-02 2.820589738663641793e-02 8.864999999999999547e-01 8.129999999999999449e-01
1.895419158204079968e-02 2.963557599581844240e-02 8.810000000000000053e-01 8.120000000000000551e-01
1.762707921226129223e-02 2.869895975142766273e-02 8.944999999999999618e-01 8.159999999999999476e-01
1.724501344640606143e-02 2.740817932176245128e-02 8.930000000000000160e-01 8.299999999999999600e-01
1.766813577252637074e-02 2.771239223499693052e-02 8.904999999999999583e-01 8.239999999999999547e-01
1.850642014257891307e-02 2.908012572240687571e-02 8.840000000000000080e-01 8.199999999999999512e-01
1.707163564253447174e-02 2.777745676549674136e-02 8.920000000000000151e-01 8.179999999999999494e-01
1.811124450182258899e-02 2.821113640218612939e-02 8.804999999999999494e-01 8.189999999999999503e-01
1.842536873588798002e-02 2.820806237912844988e-02 8.770000000000000018e-01 8.179999999999999494e-01
1.980741222077728181e-02 3.013961633756231245e-02 8.709999999999999964e-01 8.100000000000000533e-01
1.765360705527920654e-02 2.799023985454123647e-02 8.884999999999999565e-01 8.189999999999999503e-01
1.757187272600352693e-02 2.772068515206561889e-02 8.904999999999999583e-01 8.219999999999999529e-01
1.736938101114427618e-02 2.731508516239825740e-02 8.924999999999999600e-01 8.199999999999999512e-01
1.865050137483432319e-02 2.881280523326786372e-02 8.745000000000000551e-01 8.070000000000000506e-01
1.884678768177583397e-02 2.912344258783486003e-02 8.750000000000000000e-01 8.030000000000000471e-01
1.715504937842504338e-02 2.763830326938462867e-02 8.844999999999999529e-01 8.149999999999999467e-01
1.763686628753494481e-02 2.812836649158028182e-02 8.930000000000000160e-01 8.080000000000000515e-01
1.708243812504715853e-02 2.719648548850913186e-02 8.950000000000000178e-01 8.199999999999999512e-01
1.817246809549058137e-02 2.829544231108976557e-02 8.790000000000000036e-01 8.189999999999999503e-01
1.701897562031329594e-02 2.777999370705733218e-02 8.890000000000000124e-01 8.110000000000000542e-01
1.769067536135803323e-02 2.815966479767723074e-02 8.860000000000000098e-01 8.179999999999999494e-01
1.843763165825013789e-02 2.876568947696999182e-02 8.770000000000000018e-01 8.100000000000000533e-01
1.736677108818747775e-02 2.797802049957541504e-02 8.900000000000000133e-01 8.149999999999999467e-01
1.710363676484146292e-02 2.798720956483579173e-02 9.000000000000000222e-01 8.209999999999999520e-01
1.760988005257357186e-02 2.815254828972633266e-02 8.884999999999999565e-01 8.229999999999999538e-01
1.834730986278641784e-02 2.848911745353584560e-02 8.824999999999999512e-01 8.179999999999999494e-01
1.653893186978637811e-02 2.718707453576662408e-02 8.944999999999999618e-01 8.169999999999999485e-01
1.907801176232148954e-02 2.972211330541824764e-02 8.764999999999999458e-01 8.020000000000000462e-01
1.751040849433471019e-02 2.758367155883856975e-02 8.914999999999999591e-01 8.139999999999999458e-01
1.704172894025333257e-02 2.788994791364498779e-02 8.890000000000000124e-01 8.249999999999999556e-01
1.638045929967960751e-02 2.733090058488801821e-02 8.970000000000000195e-01 8.229999999999999538e-01
1.682722088073454816e-02 2.786692075967242901e-02 8.950000000000000178e-01 8.129999999999999449e-01
1.659359583984719791e-02 2.718395067845485319e-02 8.960000000000000187e-01 8.199999999999999512e-01
1.745910627515120939e-02 2.839684565322733029e-02 8.874999999999999556e-01 8.189999999999999503e-01
1.651682436253092134e-02 2.788025958634660767e-02 8.974999999999999645e-01 8.229999999999999538e-01
1.655846222554304206e-02 2.758601974975569138e-02 8.910000000000000142e-01 8.159999999999999476e-01
1.651577404831516133e-02 2.773620916714175308e-02 8.990000000000000213e-01 8.219999999999999529e-01
1.786038404832605841e-02 2.852713228620896296e-02 8.850000000000000089e-01 8.139999999999999458e-01
1.888449752141904692e-02 2.962872470290906293e-02 8.774999999999999467e-01 8.110000000000000542e-01
1.603188208233161452e-02 2.742512838102250522e-02 8.964999999999999636e-01 8.249999999999999556e-01
1.759410078140137557e-02 2.884551762653536633e-02 8.824999999999999512e-01 8.080000000000000515e-01
1.709698534627152391e-02 2.886464586454423609e-02 8.924999999999999600e-01 8.139999999999999458e-01
1.765274302778312848e-02 2.865733307997675797e-02 8.890000000000000124e-01 8.080000000000000515e-01
1.616949795436100831e-02 2.745541267790598677e-02 9.010000000000000231e-01 8.239999999999999547e-01
1.741667285646781790e-02 2.850894248197818198e-02 8.810000000000000053e-01 8.110000000000000542e-01
1.718273632504765253e-02 2.784246852674448353e-02 8.880000000000000115e-01 8.189999999999999503e-01
1.611888460785491223e-02 2.686807318294578278e-02 8.980000000000000204e-01 8.299999999999999600e-01
1.718152530673630954e-02 2.855508913821563563e-02 8.940000000000000169e-01 8.100000000000000533e-01
1.692224913403038780e-02 2.777168050616382958e-02 8.874999999999999556e-01 8.179999999999999494e-01
1.644284729119813854e-02 2.746721481033637113e-02 8.880000000000000115e-01 8.189999999999999503e-01
1.630482831242775071e-02 2.776639559004199717e-02 9.024999999999999689e-01 8.239999999999999547e-01
1.860442953189730270e-02 2.955690602543071394e-02 8.784999999999999476e-01 8.060000000000000497e-01
1.669471040729302719e-02 2.840024666766803943e-02 8.934999999999999609e-01 8.189999999999999503e-01
1.701543594917289542e-02 2.795536103669720579e-02 8.914999999999999591e-01 8.159999999999999476e-01
1.655364529076743321e-02 2.795947488151805799e-02 8.870000000000000107e-01 8.129999999999999449e-01
1.656454733253211881e-02 2.769620378800977806e-02 8.980000000000000204e-01 8.279999999999999583e-01
1.648338132752983493e-02 2.747224897750845732e-02 8.934999999999999609e-01 8.189999999999999503e-01
1.650785638080947554e-02 2.797460678912237417e-02 8.910000000000000142e-01 8.209999999999999520e-01
1.846441561105793480e-02 2.972381792570690656e-02 8.844999999999999529e-01 8.159999999999999476e-01
1.526013417151401291e-02 2.669653417286949743e-02 9.004999999999999671e-01 8.289999999999999591e-01
1.564895066453039080e-02 2.717945354157034685e-02 8.990000000000000213e-01 8.249999999999999556e-01
1.551149759745787220e-02 2.747203651376691966e-02 9.030000000000000249e-01 8.309999999999999609e-01
1.786591539045965030e-02 2.874473407427002511e-02 8.834999999999999520e-01 8.090000000000000524e-01
1.569390107698629203e-02 2.764394252568098259e-02 8.974999999999999645e-01 8.199999999999999512e-01
1.537787785588451243e-02 2.671529075775448681e-02 8.974999999999999645e-01 8.219999999999999529e-01
1.510718080636225431e-02 2.656420730812005318e-02 9.030000000000000249e-01 8.259999999999999565e-01
1.515251092431982478e-02 2.690268504901733443e-02 9.050000000000000266e-01 8.319999999999999618e-01
1.596099183467753965e-02 2.748655368683927333e-02 8.964999999999999636e-01 8.229999999999999538e-01
1.817898957227187529e-02 2.996806837395021156e-02 8.854999999999999538e-01 7.970000000000000417e-01
1.521295776733663785e-02 2.701584636780098719e-02 9.030000000000000249e-01 8.209999999999999520e-01
1.502808729771220111e-02 2.708061379348210285e-02 9.060000000000000275e-01 8.179999999999999494e-01
1.603958549846067061e-02 2.794438022176087139e-02 8.954999999999999627e-01 8.120000000000000551e-01
1.640256332460084468e-02 2.793996522842500177e-02 8.954999999999999627e-01 8.120000000000000551e-01
1.636451742383820268e-02 2.866268946377793433e-02 8.944999999999999618e-01 8.110000000000000542e-01
1.534204866173002717e-02 2.749462745907443884e-02 9.040000000000000258e-01 8.219999999999999529e-01
1.667841378092895302e-02 2.895518090774179543e-02 8.940000000000000169e-01 8.129999999999999449e-01
1.620562528119643894e-02 2.788110022245386330e-02 8.990000000000000213e-01 8.179999999999999494e-01
1.553014077948511491e-02 2.756866708134713892e-02 9.010000000000000231e-01 8.179999999999999494e-01
1.734835387884129526e-02 2.885522453282208036e-02 8.924999999999999600e-01 8.179999999999999494e-01
1.723729716783375596e-02 2.947651267345590895e-02 8.940000000000000169e-01 8.129999999999999449e-01
1.660801015754182278e-02 2.868865205230297297e-02 8.974999999999999645e-01 8.149999999999999467e-01
1.633943428110012919e-02 2.788692992201595097e-02 9.020000000000000240e-01 8.249999999999999556e-01
1.648914039687395666e-02 2.807426124582848917e-02 8.924999999999999600e-01 8.199999999999999512e-01
1.502405805488851026e-02 2.697418956870071757e-02 9.064999999999999725e-01 8.289999999999999591e-01
1.489905748076219248e-02 2.650548457319178500e-02 9.090000000000000302e-01 8.319999999999999618e-01
1.692324350347693823e-02 2.884145740135959229e-02 8.884999999999999565e-01 8.239999999999999547e-01
1.593899224958277364e-02 2.807603783448841053e-02 9.054999999999999716e-01 8.329999999999999627e-01
1.747207080551189257e-02 2.878081729174744932e-02 8.820000000000000062e-01 8.149999999999999467e-01
1.737028608866347801e-02 2.995559261530753373e-02 8.864999999999999547e-01 8.060000000000000497e-01
1.564487508588433690e-02 2.742694272487935375e-02 9.000000000000000222e-01 8.249999999999999556e-01
1.613928090482421099e-02 2.774631153569563288e-02 8.964999999999999636e-01 8.209999999999999520e-01
1.592040171308276367e-02 2.752287543517489832e-02 8.990000000000000213e-01 8.259999999999999565e-01
1.528720054163331017e-02 2.741282322910298594e-02 9.030000000000000249e-01 8.249999999999999556e-01
1.641720199531645705e-02 2.830398944640170542e-02 8.974999999999999645e-01 8.189999999999999503e-01
1.498540302198383620e-02 2.736942191686938045e-02 9.044999999999999707e-01 8.199999999999999512e-01
1.518839159379920152e-02 2.742505127968715775e-02 9.034999999999999698e-01 8.199999999999999512e-01
1.526483564825290712e-02 2.762312469155106184e-02 9.020000000000000240e-01 8.199999999999999512e-01
1.598028971238130494e-02 2.833253105999906582e-02 8.964999999999999636e-01 8.159999999999999476e-01
1.442461710666057689e-02 2.754260762917014674e-02 9.090000000000000302e-01 8.259999999999999565e-01
1.494062944269389237e-02 2.748165972018190920e-02 9.084999999999999742e-01 8.259999999999999565e-01
1.509553705627775418e-02 2.730915770538765511e-02 9.000000000000000222e-01 8.249999999999999556e-01
1.474109184691725985e-02 2.704230536103725130e-02 9.040000000000000258e-01 8.259999999999999565e-01
1.534360072704143117e-02 2.700715507299696755e-02 8.950000000000000178e-01 8.189999999999999503e-01
1.629723471473787724e-02 2.852471859397344434e-02 8.944999999999999618e-01 8.189999999999999503e-01
1.594709694604532282e-02 2.773781388951104473e-02 8.954999999999999627e-01 8.189999999999999503e-01
1.560522572575356696e-02 2.711967708674411018e-02 8.990000000000000213e-01 8.279999999999999583e-01
1.521549364640693500e-02 2.716199367518012595e-02 9.040000000000000258e-01 8.239999999999999547e-01
1.462911543731441714e-02 2.688673546544956619e-02 9.100000000000000311e-01 8.329999999999999627e-01
1.596848120594222126e-02 2.802730973810473730e-02 9.034999999999999698e-01 8.249999999999999556e-01
1.437151654929778345e-02 2.616456106397483869e-02 9.084999999999999742e-01 8.269999999999999574e-01
1.509349421708923618e-02 2.757350067369473967e-02 9.080000000000000293e-01 8.329999999999999627e-01
1.427961620791346614e-02 2.674905207428304732e-02 9.114999999999999769e-01 8.329999999999999627e-01
1.447063130323350023e-02 2.713205015291541775e-02 9.124999999999999778e-01 8.289999999999999591e-01
1.551487198461103632e-02 2.812932718677073340e-02 9.044999999999999707e-01 8.259999999999999565e-01
1.548746095624688353e-02 2.688600251957970477e-02 9.024999999999999689e-01 8.259999999999999565e-01
1.530152131315406366e-02 2.768954124883310844e-02 8.970000000000000195e-01 8.139999999999999458e-01
1.563285287432354329e-02 2.721334954264161693e-02 9.000000000000000222e-01 8.239999999999999547e-01
1.411632524349192876e-02 2.671765134744851986e-02 9.100000000000000311e-01 8.259999999999999565e-01
1.531223717069556470e-02 2.847303030431564894e-02 9.074999999999999734e-01 8.249999999999999556e-01
1.481450385420180621e-02 2.683416483836512101e-02 9.014999999999999680e-01 8.289999999999999591e-01
1.498847729104652721e-02 2.709595603560406574e-02 9.014999999999999680e-01 8.299999999999999600e-01
1.748753820856511002e-02 2.931606879046072880e-02 8.830000000000000071e-01 8.060000000000000497e-01
1.417174916954384162e-02 2.650796742586991259e-02 9.124999999999999778e-01 8.269999999999999574e-01
1.411879466084479950e-02 2.648390604327061082e-02 9.084999999999999742e-01 8.269999999999999574e-01
1.473968543579721666e-02 2.748371750093565533e-02 8.990000000000000213e-01 8.199999999999999512e-01
1.486436451735555740e-02 2.763337128670487544e-02 9.014999999999999680e-01 8.209999999999999520e-01
1.434112035630420202e-02 2.731624189168800274e-02 9.074999999999999734e-01 8.199999999999999512e-01
1.435610823790091015e-02 2.664537133819180892e-02 9.060000000000000275e-01 8.229999999999999538e-01
1.444087114049111970e-02 2.658782563427891307e-02 9.080000000000000293e-01 8.289999999999999591e-01
1.592212556511591812e-02 2.810840620061903772e-02 8.930000000000000160e-01 8.110000000000000542e-01
1.450476144572107606e-02 2.689903716727641905e-02 9.080000000000000293e-01 8.219999999999999529e-01
1.712705198221031733e-02 2.934512713548111801e-02 8.920000000000000151e-01 8.139999999999999458e-01
1.477187902399367155e-02 2.749530581779169314e-02 9.060000000000000275e-01 8.189999999999999503e-01
1.587744209690519770e-02 2.807955602540839618e-02 9.090000000000000302e-01 8.259999999999999565e-01
1.442343634707815743e-02 2.707768657532950637e-02 9.040000000000000258e-01 8.259999999999999565e-01
1.407100639094131279e-02 2.664063523503530651e-02 9.164999999999999813e-01 8.289999999999999591e-01
1.559033748279515033e-02 2.820901997109998699e-02 8.940000000000000169e-01 8.189999999999999503e-01
1.404820766596988693e-02 2.721749486340920704e-02 9.080000000000000293e-01 8.269999999999999574e-01
1.421142738200702887e-02 2.675465800969874242e-02 9.134999999999999787e-01 8.239999999999999547e-01
1.548149972512978534e-02 2.712500927801926240e-02 8.984999999999999654e-01 8.269999999999999574e-01
1.408602246896894020e-02 2.616114861963707641e-02 9.140000000000000346e-01 8.339999999999999636e-01
1.393545691568071933e-02 2.649071133596674066e-02 9.154999999999999805e-01 8.359999999999999654e-01
1.448783190187228308e-02 2.686181512046058664e-02 9.090000000000000302e-01 8.369999999999999662e-01
1.432681482089506915e-02 2.694663969744140117e-02 9.184999999999999831e-01 8.339999999999999636e-01
1.481859844340498861e-02 2.781596885947486622e-02 9.150000000000000355e-01 8.169999999999999485e-01
1.437890285662569989e-02 2.714424307772804815e-02 9.194999999999999840e-01 8.399999999999999689e-01
1.403857493267635093e-02 2.721881653671043289e-02 9.130000000000000338e-01 8.309999999999999609e-01
1.379161325805475583e-02 2.653122994026426221e-02 9.164999999999999813e-01 8.319999999999999618e-01
1.467388000885019687e-02 2.744998059725625716e-02 9.050000000000000266e-01 8.209999999999999520e-01
1.480002381774741388e-02 2.731359375554576543e-02 9.060000000000000275e-01 8.249999999999999556e-01
1.418805905887572660e-02 2.744144472019425379e-02 9.134999999999999787e-01 8.259999999999999565e-01
1.499205987276803868e-02 2.730329516042519916e-02 9.044999999999999707e-01 8.219999999999999529e-01
1.458226374147851903e-02 2.782518003582443514e-02 9.044999999999999707e-01 8.239999999999999547e-01
1.417764651580426076e-02 2.647468424051595617e-02 9.090000000000000302e-01 8.289999999999999591e-01
1.465232604589544393e-02 2.762282874464513580e-02 9.044999999999999707e-01 8.259999999999999565e-01
1.482144163186102648e-02 2.780117866798491322e-02 9.100000000000000311e-01 8.179999999999999494e-01
1.455125646106808675e-02 2.802248453902349279e-02 9.134999999999999787e-01 8.199999999999999512e-01
1.444261795924040546e-02 2.756157995010444228e-02 9.124999999999999778e-01 8.259999999999999565e-01
1.423931971932658122e-02 2.739213655414780499e-02 9.104999999999999760e-01 8.269999999999999574e-01
1.331442943068147922e-02 2.624763394155442756e-02 9.160000000000000364e-01 8.349999999999999645e-01
1.344363024636329243e-02 2.614808131826631618e-02 9.164999999999999813e-01 8.339999999999999636e-01
1.600507893748429750e-02 2.907841311481082491e-02 9.004999999999999671e-01 8.080000000000000515e-01
1.344695292738426300e-02 2.660658033409430898e-02 9.144999999999999796e-01 8.249999999999999556e-01
1.517631825519849022e-02 2.788200022143517975e-02 9.020000000000000240e-01 8.129999999999999449e-01
1.426102569790406796e-02 2.732541484018120859e-02 9.174999999999999822e-01 8.319999999999999618e-01
1.574810191917184674e-02 2.837882352910875081e-02 8.974999999999999645e-01 8.110000000000000542e-01
1.460396081927133917e-02 2.680923111797559391e-02 9.050000000000000266e-01 8.339999999999999636e-01
1.377274366967005427e-02 2.677587282404608054e-02 9.144999999999999796e-01 8.299999999999999600e-01
1.315631275486940470e-02 2.631579045723888774e-02 9.194999999999999840e-01 8.309999999999999609e-01
1.359611009709085425e-02 2.715276227215701957e-02 9.150000000000000355e-01 8.249999999999999556e-01
1.351725930108031021e-02 2.737577881960892232e-02 9.150000000000000355e-01 8.219999999999999529e-01
1.279055525194572503e-02 2.697500838446732080e-02 9.220000000000000417e-01 8.279999999999999583e-01
1.442363885556609965e-02 2.741317742811441582e-02 9.060000000000000275e-01 8.299999999999999600e-01
1.380030548135783609e-02 2.770311354352194416e-02 9.104999999999999760e-01 8.269999999999999574e-01
1.313622651840599433e-02 2.658717720647325519e-02 9.194999999999999840e-01 8.269999999999999574e-01
1.491864679768169222e-02 2.822706324249254009e-02 9.114999999999999769e-01 8.159999999999999476e-01
1.397366968274828605e-02 2.692899818459493916e-02 9.160000000000000364e-01 8.279999999999999583e-01
1.340210877816747082e-02 2.692687755613853290e-02 9.194999999999999840e-01 8.319999999999999618e-01
1.320441470854693232e-02 2.655278182141482951e-02 9.180000000000000382e-01 8.349999999999999645e-01
1.468862403266370242e-02 2.814976284068215415e-02 9.094999999999999751e-01 8.219999999999999529e-01
1.299268733655397322e-02 2.641692311030835114e-02 9.210000000000000409e-01 8.369999999999999662e-01
1.295362345439181155e-02 2.649995081093115337e-02 9.214999999999999858e-01 8.239999999999999547e-01
1.359274789849686423e-02 2.729956875967934002e-02 9.150000000000000355e-01 8.179999999999999494e-01
1.383704392919466418e-02 2.764593472469619589e-02 9.114999999999999769e-01 8.289999999999999591e-01
1.404454850002636278e-02 2.738874310800179165e-02 9.074999999999999734e-01 8.209999999999999520e-01
1.488065831057499427e-02 2.828455148884113576e-02 9.004999999999999671e-01 8.169999999999999485e-01
1.367397672767328362e-02 2.768228697003269692e-02 9.164999999999999813e-01 8.229999999999999538e-01
1.296895898290964001e-02 2.649562855838245162e-02 9.164999999999999813e-01 8.309999999999999609e-01
1.390957710906690244e-02 2.758245268399703645e-02 9.130000000000000338e-01 8.219999999999999529e-01
1.315174584520260696e-02 2.660310052739027487e-02 9.220000000000000417e-01 8.289999999999999591e-01
1.437996949100668262e-02 2.723255325129564017e-02 9.080000000000000293e-01 8.339999999999999636e-01
1.416379676562629954e-02 2.812965263044765740e-02 9.084999999999999742e-01 8.159999999999999476e-01
1.272785022244130211e-02 2.692352645954635901e-02 9.164999999999999813e-01 8.319999999999999618e-01
1.278356542750771346e-02 2.697690206178617045e-02 9.174999999999999822e-01 8.279999999999999583e-01
1.389954067953765027e-02 2.710903386504344426e-02 9.084999999999999742e-01 8.269999999999999574e-01
1.317019024226936431e-02 2.670709172846476992e-02 9.184999999999999831e-01 8.279999999999999583e-01
1.318620846216043106e-02 2.702905681101655522e-02 9.204999999999999849e-01 8.309999999999999609e-01
1.425882450203555182e-02 2.814792546168084705e-02 9.154999999999999805e-01 8.239999999999999547e-01
1.346157244768626804e-02 2.758496188395582333e-02 9.124999999999999778e-01 8.229999999999999538e-01
1.285379233830845520e-02 2.680921419165539429e-02 9.234999999999999876e-01 8.339999999999999636e-01
1.338470862652969308e-02 2.700276921408825345e-02 9.170000000000000373e-01 8.299999999999999600e-01
1.274227179922064399e-02 2.660703526276222974e-02 9.190000000000000391e-01 8.309999999999999609e-01
1.295126953168471498e-02 2.699854043731042888e-02 9.210000000000000409e-01 8.349999999999999645e-01
1.293849727800222213e-02 2.709986570742434556e-02 9.190000000000000391e-01 8.249999999999999556e-01
1.325682653034751871e-02 2.736879353299857473e-02 9.174999999999999822e-01 8.179999999999999494e-01
1.431560089739779794e-02 2.854298216855339493e-02 9.124999999999999778e-01 8.199999999999999512e-01
1.298938044365947897e-02 2.688444138407476702e-02 9.180000000000000382e-01 8.289999999999999591e-01
1.349964932327013707e-02 2.742864098939032380e-02 9.164999999999999813e-01 8.339999999999999636e-01
1.282099945733495769e-02 2.661466391386762068e-02 9.154999999999999805e-01 8.309999999999999609e-01
1.288831525490554027e-02 2.743826258767414691e-02 9.210000000000000409e-01 8.359999999999999654e-01
1.337670689580272056e-02 2.726304527009298928e-02 9.184999999999999831e-01 8.289999999999999591e-01
1.592777490259347090e-02 2.888186912843511422e-02 8.974999999999999645e-01 8.189999999999999503e-01
1.303957561331154681e-02 2.719698883467787029e-02 9.174999999999999822e-01 8.359999999999999654e-01
1.249451335663075667e-02 2.638546494719657895e-02 9.230000000000000426e-01 8.339999999999999636e-01
1.351773428794381809e-02 2.656557252431853561e-02 9.094999999999999751e-01 8.269999999999999574e-01
1.499103893703003856e-02 2.846517855775175174e-02 9.040000000000000258e-01 8.219999999999999529e-01
1.321625281306430463e-02 2.716426306728098386e-02 9.160000000000000364e-01 8.249999999999999556e-01
1.337063966335330818e-02 2.758588413626762714e-02 9.200000000000000400e-01 8.209999999999999520e-01
1.252450939458423645e-02 2.693904808784258059e-02 9.210000000000000409e-01 8.329999999999999627e-01
1.430159285310128592e-02 2.731202159206750496e-02 9.050000000000000266e-01 8.299999999999999600e-01
1.305402471115617649e-02 2.624922825952702432e-02 9.154999999999999805e-01 8.289999999999999591e-01
1.379337114945415436e-02 2.755275617384387449e-02 9.100000000000000311e-01 8.239999999999999547e-01
1.325437696779145288e-02 2.733096942596831627e-02 9.140000000000000346e-01 8.279999999999999583e-01
1.387154268255910011e-02 2.781195933312828952e-02 9.030000000000000249e-01 8.219999999999999529e-01
1.396587927997022111e-02 2.755748324722724629e-02 9.164999999999999813e-01 8.319999999999999618e-01
1.353256690351895691e-02 2.755949432077432065e-02 9.134999999999999787e-01 8.229999999999999538e-01
