9.004247281314090023e-02 9.014674398104302599e-02 1.290000000000000036e-01 1.069999999999999979e-01
8.900670917593757336e-02 8.893961757905727294e-02 3.300000000000000155e-01 3.230000000000000093e-01
8.438990576762676887e-02 8.452387282930341750e-02 4.450000000000000067e-01 4.289999999999999925e-01
7.553564396402594194e-02 7.590713107235048940e-02 6.169999999999999929e-01 5.979999999999999760e-01
6.903087498676679923e-02 6.938228090082010358e-02 6.219999999999999973e-01 6.229999999999999982e-01
6.222828064599126435e-02 6.287513627854379727e-02 6.334999999999999520e-01 6.300000000000000044e-01
5.493545413416495854e-02 5.645712640608083199e-02 6.860000000000000542e-01 6.780000000000000471e-01
5.139698826471609389e-02 5.279803194108649567e-02 6.909999999999999476e-01 6.860000000000000542e-01
4.799817792471323258e-02 4.963752918063583236e-02 7.049999999999999600e-01 6.830000000000000515e-01
4.668909185677602020e-02 4.824681899669852614e-02 7.149999999999999689e-01 7.059999999999999609e-01
4.393706276898928786e-02 4.588997853165438512e-02 7.355000000000000426e-01 7.199999999999999734e-01
4.011216022591707064e-02 4.256369805105179871e-02 7.259999999999999787e-01 6.999999999999999556e-01
4.104436499749648110e-02 4.321537262321094308e-02 7.269999999999999796e-01 7.019999999999999574e-01
3.861026605077565177e-02 4.145772072880101605e-02 7.405000000000000471e-01 7.029999999999999583e-01
3.745171398097862231e-02 4.011889488116286706e-02 7.449999999999999956e-01 7.229999999999999760e-01
3.720803639054216794e-02 3.973806747060008165e-02 7.560000000000000053e-01 7.379999999999999893e-01
3.734280053136580790e-02 3.997290980376769914e-02 7.479999999999999982e-01 7.329999999999999849e-01
3.532862652053627567e-02 3.854811849327244300e-02 7.684999999999999609e-01 7.479999999999999982e-01
3.410909827834109065e-02 3.795683385388045478e-02 7.774999999999999689e-01 7.540000000000000036e-01
3.668517343831707161e-02 4.012082320868108620e-02 7.580000000000000071e-01 7.419999999999999929e-01
3.290228586189660603e-02 3.707026624177747753e-02 7.754999999999999671e-01 7.479999999999999982e-01
3.316387139341214763e-02 3.692270564465611332e-02 7.770000000000000240e-01 7.510000000000000009e-01
3.436479538458299399e-02 3.825015339432343009e-02 7.794999999999999707e-01 7.600000000000000089e-01
3.642169269299780354e-02 4.041913068102070267e-02 7.604999999999999538e-01 7.389999999999999902e-01
3.146413977004909601e-02 3.639550568214133808e-02 7.940000000000000391e-01 7.570000000000000062e-01
3.539133159233183445e-02 4.068013831895391647e-02 7.884999999999999787e-01 7.550000000000000044e-01
3.313020029561004887e-02 3.821750822804137471e-02 8.100000000000000533e-01 7.680000000000000160e-01
2.940074757931810875e-02 3.420202141044014627e-02 8.004999999999999893e-01 7.630000000000000115e-01
3.180076424538796909e-02 3.642431543553436429e-02 7.950000000000000400e-01 7.550000000000000044e-01
3.179774534628426741e-02 3.646071485105004117e-02 7.920000000000000373e-01 7.710000000000000187e-01
3.141870816451434317e-02 3.715264368884296092e-02 8.050000000000000488e-01 7.560000000000000053e-01
2.834394746697527223e-02 3.315529656604417758e-02 8.139999999999999458e-01 7.880000000000000338e-01
3.057895617677345440e-02 3.557485834034990191e-02 7.964999999999999858e-01 7.660000000000000142e-01
2.866096938877302561e-02 3.396316649674489124e-02 8.175000000000000044e-01 7.720000000000000195e-01
3.001811802069157681e-02 3.570313258070960394e-02 8.090000000000000524e-01 7.830000000000000293e-01
2.771795010450720312e-02 3.373362442844794751e-02 8.295000000000000151e-01 7.840000000000000302e-01
2.886833841628584987e-02 3.500989691439095053e-02 8.155000000000000027e-01 7.700000000000000178e-01
2.930392737736883801e-02 3.538452379622358812e-02 8.100000000000000533e-01 7.730000000000000204e-01
3.037366076056488909e-02 3.618886860619627277e-02 8.040000000000000480e-01 7.680000000000000160e-01
2.965509182563217869e-02 3.568985270419214317e-02 8.040000000000000480e-01 7.730000000000000204e-01
2.707663776232792710e-02 3.320864574315875867e-02 8.419999999999999707e-01 7.910000000000000364e-01
2.836046840192486818e-02 3.425125507843556488e-02 8.155000000000000027e-01 7.840000000000000302e-01
2.689695604637021287e-02 3.320467042986358780e-02 8.335000000000000187e-01 7.860000000000000320e-01
2.649103383385311219e-02 3.296996250941112983e-02 8.379999999999999671e-01 7.900000000000000355e-01
2.888237936583565660e-02 3.470700630741961612e-02 7.994999999999999885e-01 7.640000000000000124e-01
2.617347720346530071e-02 3.292403662011104959e-02 8.359999999999999654e-01 7.850000000000000311e-01
2.499267924171003422e-02 3.185811458704890242e-02 8.479999999999999760e-01 7.970000000000000417e-01
2.667960713457999747e-02 3.358337224026741730e-02 8.335000000000000187e-01 7.870000000000000329e-01
2.766121108144352012e-02 3.559486998993313667e-02 8.139999999999999458e-01 7.650000000000000133e-01
2.641649297478335101e-02 3.295231060621942737e-02 8.249999999999999556e-01 7.890000000000000346e-01
2.494262236879635566e-02 3.161291789957814541e-02 8.419999999999999707e-01 7.920000000000000373e-01
2.895895919795271264e-02 3.652344708334294421e-02 7.964999999999999858e-01 7.459999999999999964e-01
2.564172204243342357e-02 3.283824985588695150e-02 8.429999999999999716e-01 7.900000000000000355e-01
2.465891300719144641e-02 3.233488799149165233e-02 8.559999999999999831e-01 7.880000000000000338e-01
2.468588057761163246e-02 3.228267464685159738e-02 8.495000000000000329e-01 7.850000000000000311e-01
2.501116942144909761e-02 3.217222795490363302e-02 8.349999999999999645e-01 7.810000000000000275e-01
2.483431055614133617e-02 3.200467384264656795e-02 8.349999999999999645e-01 7.870000000000000329e-01
2.404751239636787954e-02 3.177412179438419970e-02 8.525000000000000355e-01 7.960000000000000409e-01
2.446770342444039639e-02 3.220651587308319408e-02 8.465000000000000302e-01 7.940000000000000391e-01
2.509319757744683799e-02 3.283422242936648305e-02 8.429999999999999716e-01 7.860000000000000320e-01
2.498350515852644504e-02 3.233448072253308769e-02 8.349999999999999645e-01 7.920000000000000373e-01
2.423540995573533058e-02 3.145370957172499010e-02 8.415000000000000258e-01 8.000000000000000444e-01
2.557297540833597047e-02 3.280262206716074574e-02 8.329999999999999627e-01 7.950000000000000400e-01
2.408734004663841757e-02 3.198913555799497155e-02 8.525000000000000355e-01 7.930000000000000382e-01
2.612689731301759410e-02 3.376975123882207386e-02 8.379999999999999671e-01 7.950000000000000400e-01
2.502670303915394134e-02 3.187801403310951132e-02 8.445000000000000284e-01 8.000000000000000444e-01
2.294881227293402506e-02 3.056750659656701230e-02 8.599999999999999867e-01 8.050000000000000488e-01
2.417685463963680642e-02 3.181813273323462476e-02 8.479999999999999760e-01 8.060000000000000497e-01
2.389942623920971246e-02 3.155266281307366610e-02 8.539999999999999813e-01 8.040000000000000480e-01
2.367648455510186489e-02 3.161490629313287032e-02 8.515000000000000346e-01 8.020000000000000462e-01
2.627936051985706872e-02 3.382950760034536541e-02 8.355000000000000204e-01 7.830000000000000293e-01
2.292625328953992736e-02 3.094825669294554507e-02 8.589999999999999858e-01 8.000000000000000444e-01
2.339927606991892145e-02 3.114920680847327664e-02 8.559999999999999831e-01 7.980000000000000426e-01
2.469010734281173319e-02 3.186738146500802532e-02 8.329999999999999627e-01 7.910000000000000364e-01
2.420346905754024863e-02 3.170335276986747247e-02 8.459999999999999742e-01 8.040000000000000480e-01
2.441496913771556282e-02 3.200758879018858472e-02 8.389999999999999680e-01 7.870000000000000329e-01
2.292660650079490423e-02 3.083233458193452778e-02 8.519999999999999796e-01 8.030000000000000471e-01
2.175482883961943684e-02 2.929787094928499452e-02 8.589999999999999858e-01 8.060000000000000497e-01
2.536088457592377762e-02 3.302242500513860590e-02 8.335000000000000187e-01 7.870000000000000329e-01
2.379348319554587185e-02 3.129712881277160741e-02 8.445000000000000284e-01 8.030000000000000471e-01
2.314862014174566551e-02 3.100124147357503912e-02 8.565000000000000391e-01 8.090000000000000524e-01
2.478811432831095826e-02 3.221626818634781841e-02 8.335000000000000187e-01 7.910000000000000364e-01
2.187419784795125235e-02 2.971281247752630139e-02 8.605000000000000426e-01 8.149999999999999467e-01
2.199809418187676294e-02 3.020727582734751213e-02 8.639999999999999902e-01 8.110000000000000542e-01
2.430081584523081581e-02 3.186188516148768385e-02 8.459999999999999742e-01 7.930000000000000382e-01
2.269827283220412703e-02 3.079126820464631042e-02 8.665000000000000480e-01 8.080000000000000515e-01
2.285274684706944254e-02 3.107347136183570210e-02 8.519999999999999796e-01 7.860000000000000320e-01
2.306272121171663858e-02 3.150701264267036922e-02 8.529999999999999805e-01 8.030000000000000471e-01
2.225071090138048407e-02 3.061201182780912827e-02 8.595000000000000417e-01 8.000000000000000444e-01
2.227687746867653557e-02 3.053968457460475017e-02 8.615000000000000435e-01 7.970000000000000417e-01
2.114521901835095252e-02 2.938124574285383775e-02 8.655000000000000471e-01 8.120000000000000551e-01
2.141451648483384124e-02 3.020055731158887563e-02 8.629999999999999893e-01 7.930000000000000382e-01
2.130448349767303379e-02 2.939362285559410717e-02 8.589999999999999858e-01 8.070000000000000506e-01
2.139499283710128569e-02 2.962235818580418942e-02 8.605000000000000426e-01 8.030000000000000471e-01
2.339104690553196753e-02 3.219470646321356128e-02 8.535000000000000364e-01 8.050000000000000488e-01
2.358856892493595148e-02 3.186306572819355698e-02 8.465000000000000302e-01 7.970000000000000417e-01
2.170061848507655322e-02 3.012184004511302138e-02 8.615000000000000435e-01 8.100000000000000533e-01
2.253791541430131759e-02 3.104528627021637538e-02 8.585000000000000409e-01 8.120000000000000551e-01
2.078489323694287377e-02 2.906445871566070913e-02 8.679999999999999938e-01 8.169999999999999485e-01
2.273079348284666110e-02 3.179207983979764895e-02 8.549999999999999822e-01 7.960000000000000409e-01
2.148137662444011067e-02 3.076579532948492055e-02 8.695000000000000506e-01 8.129999999999999449e-01
2.084204759690869158e-02 2.933210535067947919e-02 8.695000000000000506e-01 8.090000000000000524e-01
2.046236830946608631e-02 2.923475486579076368e-02 8.705000000000000515e-01 8.010000000000000453e-01
2.135195972215351429e-02 2.999406711656966984e-02 8.589999999999999858e-01 8.100000000000000533e-01
2.077775969224028921e-02 2.972443500357893620e-02 8.645000000000000462e-01 7.990000000000000435e-01
2.153705700023376621e-02 3.002094867493151562e-02 8.705000000000000515e-01 8.189999999999999503e-01
2.285425055445453393e-02 3.158174065960193261e-02 8.559999999999999831e-01 8.000000000000000444e-01
2.043241920437218612e-02 2.956123919538513820e-02 8.764999999999999458e-01 8.149999999999999467e-01
2.070395455368991000e-02 2.938395740175543669e-02 8.705000000000000515e-01 8.090000000000000524e-01
2.080780655315426358e-02 2.979521779464238893e-02 8.639999999999999902e-01 8.030000000000000471e-01
2.219774407244937131e-02 3.093195506749225540e-02 8.525000000000000355e-01 7.940000000000000391e-01
2.070230489861982215e-02 2.975026616609741104e-02 8.675000000000000488e-01 8.070000000000000506e-01
2.026079988368064203e-02 2.969146887094193527e-02 8.764999999999999458e-01 8.070000000000000506e-01
2.230597806590367896e-02 3.130120675458637064e-02 8.565000000000000391e-01 8.000000000000000444e-01
2.070956268985678014e-02 2.937452318345753349e-02 8.675000000000000488e-01 8.070000000000000506e-01
2.080654209924875236e-02 2.989760976472386617e-02 8.659999999999999920e-01 8.040000000000000480e-01
2.047491365485594461e-02 2.946077111438916152e-02 8.699999999999999956e-01 8.040000000000000480e-01
1.932784569533133046e-02 2.889481448447348694e-02 8.794999999999999485e-01 8.139999999999999458e-01
2.037080406821789938e-02 2.985758951294550240e-02 8.719999999999999973e-01 8.199999999999999512e-01
2.054934613830621329e-02 2.965804528793964875e-02 8.649999999999999911e-01 8.100000000000000533e-01
1.974817901663861175e-02 2.849487284727094880e-02 8.800000000000000044e-01 8.139999999999999458e-01
2.029258271007989070e-02 2.967409828002436079e-02 8.774999999999999467e-01 8.179999999999999494e-01
1.994441947847502838e-02 2.964557801974492673e-02 8.754999999999999449e-01 8.139999999999999458e-01
2.024592634510877232e-02 2.947216304879266349e-02 8.735000000000000542e-01 8.179999999999999494e-01
1.883670195423343269e-02 2.783340824243732761e-02 8.820000000000000062e-01 8.229999999999999538e-01
1.975444050776520299e-02 2.955474175040746429e-02 8.735000000000000542e-01 8.110000000000000542e-01
1.970140607051318327e-02 2.925103807074901432e-02 8.814999999999999503e-01 8.179999999999999494e-01
2.047953962113062409e-02 2.939560159836001468e-02 8.685000000000000497e-01 8.090000000000000524e-01
2.015512949127665210e-02 2.958060351667593166e-02 8.639999999999999902e-01 8.070000000000000506e-01
1.937127160692017971e-02 2.898419551258120397e-02 8.780000000000000027e-01 8.159999999999999476e-01
1.915762510783972777e-02 2.873708170961634945e-02 8.739999999999999991e-01 8.120000000000000551e-01
1.971893516481474165e-02 2.942005276022282081e-02 8.745000000000000551e-01 8.080000000000000515e-01
1.843224038258866118e-02 2.785570555888993924e-02 8.820000000000000062e-01 8.139999999999999458e-01
1.943241753736302951e-02 2.882451531357245467e-02 8.754999999999999449e-01 8.179999999999999494e-01
1.836778581736194654e-02 2.769448351658848964e-02 8.774999999999999467e-01 8.159999999999999476e-01
1.860632611360031261e-02 2.774861890266279094e-02 8.830000000000000071e-01 8.199999999999999512e-01
1.908645576415024872e-02 2.877398450014495221e-02 8.814999999999999503e-01 8.169999999999999485e-01
1.971531222238343678e-02 2.949443886866373599e-02 8.784999999999999476e-01 8.179999999999999494e-01
2.018762247031380755e-02 2.988671832166292161e-02 8.780000000000000027e-01 8.159999999999999476e-01
2.120432068783621032e-02 3.021439084105513248e-02 8.659999999999999920e-01 8.080000000000000515e-01
1.843259955424414454e-02 2.782571964004931786e-02 8.830000000000000071e-01 8.219999999999999529e-01
1.877158748622033413e-02 2.840095050148487565e-02 8.884999999999999565e-01 8.169999999999999485e-01
1.939666376702129519e-02 2.874870211887833177e-02 8.780000000000000027e-01 8.149999999999999467e-01
1.914413859810640273e-02 2.849121155926594498e-02 8.830000000000000071e-01 8.199999999999999512e-01
2.098038283029047754e-02 3.047861698967702093e-02 8.649999999999999911e-01 7.980000000000000426e-01
1.833243081949214107e-02 2.803495050513963791e-02 8.884999999999999565e-01 8.249999999999999556e-01
2.021286461156739100e-02 3.007986177053158933e-02 8.754999999999999449e-01 8.120000000000000551e-01
1.857920969851417289e-02 2.816112050476881484e-02 8.844999999999999529e-01 8.209999999999999520e-01
1.855783227192102369e-02 2.838757230230815054e-02 8.840000000000000080e-01 8.199999999999999512e-01
1.888779306243840508e-02 2.887947444094238550e-02 8.880000000000000115e-01 8.229999999999999538e-01
1.910214802001770906e-02 2.923029609693570535e-02 8.814999999999999503e-01 8.179999999999999494e-01
1.869233681678845668e-02 2.891101392366827658e-02 8.774999999999999467e-01 8.120000000000000551e-01
2.150793529356561165e-02 3.159286378776259702e-02 8.595000000000000417e-01 7.960000000000000409e-01
2.009196518326611045e-02 3.012613974964165053e-02 8.739999999999999991e-01 8.060000000000000497e-01
1.869547200288770514e-02 2.826257843745787549e-02 8.780000000000000027e-01 8.120000000000000551e-01
1.803183616410722681e-02 2.789868267519449163e-02 8.844999999999999529e-01 8.179999999999999494e-01
2.075422559878481454e-02 3.097574783738471157e-02 8.675000000000000488e-01 7.980000000000000426e-01
1.803061469061446528e-02 2.846236215997773739e-02 8.844999999999999529e-01 8.199999999999999512e-01
1.934638463600742153e-02 2.951607582680896777e-02 8.804999999999999494e-01 8.189999999999999503e-01
1.879602257430454046e-02 2.942383142381855762e-02 8.794999999999999485e-01 8.090000000000000524e-01
2.065985120313885634e-02 2.970897159961036205e-02 8.750000000000000000e-01 8.080000000000000515e-01
1.895959509553185249e-02 2.928697579023124831e-02 8.754999999999999449e-01 8.110000000000000542e-01
1.792216012704105771e-02 2.824667826873277290e-02 8.860000000000000098e-01 8.149999999999999467e-01
1.725707468659052127e-02 2.770864820947733717e-02 8.930000000000000160e-01 8.219999999999999529e-01
1.844310844972786925e-02 2.854210935625610054e-02 8.810000000000000053e-01 8.229999999999999538e-01
1.886613743014781824e-02 2.915936871908562586e-02 8.790000000000000036e-01 8.090000000000000524e-01
1.927117336769081785e-02 2.965032338282659261e-02 8.774999999999999467e-01 8.169999999999999485e-01
1.778561084932434727e-02 2.785880544295287267e-02 8.900000000000000133e-01 8.249999999999999556e-01
1.798843716369075141e-02 2.858611683308965798e-02 8.840000000000000080e-01 8.219999999999999529e-01
1.877344427440709798e-02 2.930222617817915959e-02 8.804999999999999494e-01 8.110000000000000542e-01
1.756672208272787652e-02 2.781524081453545794e-02 8.864999999999999547e-01 8.189999999999999503e-01
1.764633798757262589e-02 2.782369595535363893e-02 8.920000000000000151e-01 8.259999999999999565e-01
1.765173716115443076e-02 2.827004687137951375e-02 8.884999999999999565e-01 8.159999999999999476e-01
1.798842266905943330e-02 2.845387671010065136e-02 8.864999999999999547e-01 8.239999999999999547e-01
1.826252754775317330e-02 2.868359806426650643e-02 8.844999999999999529e-01 8.159999999999999476e-01
1.703319941858783340e-02 2.782448395206480254e-02 8.900000000000000133e-01 8.229999999999999538e-01
2.015258699575487797e-02 3.084353439280694553e-02 8.729999999999999982e-01 8.010000000000000453e-01
1.753150589931394901e-02 2.798727277199660607e-02 8.894999999999999574e-01 8.219999999999999529e-01
1.825311648716533910e-02 2.930908632995190763e-02 8.874999999999999556e-01 8.139999999999999458e-01
1.735037239121690888e-02 2.822702974096506084e-02 8.910000000000000142e-01 8.169999999999999485e-01
1.807421844562843646e-02 2.870155556774283898e-02 8.874999999999999556e-01 8.159999999999999476e-01
1.703868060121517536e-02 2.779120272102376943e-02 8.904999999999999583e-01 8.189999999999999503e-01
1.860035798000314600e-02 2.974092191787092512e-02 8.850000000000000089e-01 7.970000000000000417e-01
1.783305587451887095e-02 2.828734546078409337e-02 8.874999999999999556e-01 8.129999999999999449e-01
1.743049162220603951e-02 2.876009777790807312e-02 8.914999999999999591e-01 8.120000000000000551e-01
1.883878626830692155e-02 2.897164865049777632e-02 8.840000000000000080e-01 8.159999999999999476e-01
1.790132734402382492e-02 2.848871554405329673e-02 8.894999999999999574e-01 8.209999999999999520e-01
1.753408067804949552e-02 2.830443379485131361e-02 8.830000000000000071e-01 8.129999999999999449e-01
1.735677672116267209e-02 2.844615624308742194e-02 8.824999999999999512e-01 8.110000000000000542e-01
1.689985040521825924e-02 2.798097574319854605e-02 8.944999999999999618e-01 8.229999999999999538e-01
1.704577395761748201e-02 2.806988246462046796e-02 8.874999999999999556e-01 8.169999999999999485e-01
1.651079101733165383e-02 2.733220206102702707e-02 8.950000000000000178e-01 8.179999999999999494e-01
1.708111207868803424e-02 2.814297785513017111e-02 8.930000000000000160e-01 8.159999999999999476e-01
1.738334664140036082e-02 2.836037222024951829e-02 8.890000000000000124e-01 8.189999999999999503e-01
1.772614860566342973e-02 2.863863592432449451e-02 8.840000000000000080e-01 8.189999999999999503e-01
1.678259628097969122e-02 2.820471274752648499e-02 8.884999999999999565e-01 8.090000000000000524e-01
1.874578214132687631e-02 2.972500534464908237e-02 8.790000000000000036e-01 8.060000000000000497e-01
1.798077632334200635e-02 2.895460605776477292e-02 8.884999999999999565e-01 8.149999999999999467e-01
1.746197245024974296e-02 2.787868320993388757e-02 8.854999999999999538e-01 8.209999999999999520e-01
1.662089649519943660e-02 2.729054600467228919e-02 8.964999999999999636e-01 8.199999999999999512e-01
1.653296846881184903e-02 2.734418129373853562e-02 9.010000000000000231e-01 8.219999999999999529e-01
1.720519418637967909e-02 2.862191651872176418e-02 8.934999999999999609e-01 8.149999999999999467e-01
1.827042708462108325e-02 2.913845166770465817e-02 8.910000000000000142e-01 8.189999999999999503e-01
1.667333917004457794e-02 2.745993712490584285e-02 8.944999999999999618e-01 8.259999999999999565e-01
1.693973274875461982e-02 2.789621170561882094e-02 8.970000000000000195e-01 8.279999999999999583e-01
1.666427989156915937e-02 2.723297717208115337e-02 8.884999999999999565e-01 8.189999999999999503e-01
1.741610308428677770e-02 2.844300423936972980e-02 8.874999999999999556e-01 8.100000000000000533e-01
1.709465261482956064e-02 2.774059570568401106e-02 8.924999999999999600e-01 8.309999999999999609e-01
1.643128412242773895e-02 2.682463737937634818e-02 9.014999999999999680e-01 8.269999999999999574e-01
1.700861048685198967e-02 2.837680129532875462e-02 8.970000000000000195e-01 8.149999999999999467e-01
1.710435992153718637e-02 2.857857700011989452e-02 8.960000000000000187e-01 8.159999999999999476e-01
1.753463588574109486e-02 2.938525539043591872e-02 8.864999999999999547e-01 8.060000000000000497e-01
1.645077250803581720e-02 2.782071321750890364e-02 8.970000000000000195e-01 8.229999999999999538e-01
1.695628545194252657e-02 2.797738113585015660e-02 8.860000000000000098e-01 8.189999999999999503e-01
1.827257249983621837e-02 2.957371563647628182e-02 8.814999999999999503e-01 8.120000000000000551e-01
1.642544048630449963e-02 2.811199437254438202e-02 8.940000000000000169e-01 8.159999999999999476e-01
1.729047482339095276e-02 2.877235477816722509e-02 8.924999999999999600e-01 8.169999999999999485e-01
1.715157025926324769e-02 2.821333476973982707e-02 8.930000000000000160e-01 8.139999999999999458e-01
1.719249069597064347e-02 2.880419302699834330e-02 8.960000000000000187e-01 8.179999999999999494e-01
1.657343525311304536e-02 2.813750499862239726e-02 9.044999999999999707e-01 8.299999999999999600e-01
1.711758766845586713e-02 2.846771713649942637e-02 8.940000000000000169e-01 8.080000000000000515e-01
1.679803439503150045e-02 2.828092342029864953e-02 9.044999999999999707e-01 8.249999999999999556e-01
1.702926325269367436e-02 2.784488484838939723e-02 8.984999999999999654e-01 8.209999999999999520e-01
1.797085289550939824e-02 2.906904586217392075e-02 8.900000000000000133e-01 8.139999999999999458e-01
1.810082259518213527e-02 2.978919688499842219e-02 8.870000000000000107e-01 8.120000000000000551e-01
1.860485433230752231e-02 2.988841127193384711e-02 8.780000000000000027e-01 7.980000000000000426e-01
1.846607965793492512e-02 2.963120534192713665e-02 8.864999999999999547e-01 8.060000000000000497e-01
1.730974305613151160e-02 2.826188209525893127e-02 8.914999999999999591e-01 8.189999999999999503e-01
1.965983072112598498e-02 3.076197805986372394e-02 8.699999999999999956e-01 7.990000000000000435e-01
1.764420759771345368e-02 2.866094327198059552e-02 8.960000000000000187e-01 8.199999999999999512e-01
1.620995083566726183e-02 2.800324477621373917e-02 8.890000000000000124e-01 8.169999999999999485e-01
1.710619879807787763e-02 2.864232892874957886e-02 8.934999999999999609e-01 8.169999999999999485e-01
1.736552888536131711e-02 2.923092486767930528e-02 8.974999999999999645e-01 8.129999999999999449e-01
1.652400958166016717e-02 2.853964476472098735e-02 9.000000000000000222e-01 8.149999999999999467e-01
1.570125825062065536e-02 2.726585388097941404e-02 9.044999999999999707e-01 8.229999999999999538e-01
1.613447304607708993e-02 2.735309899381849208e-02 9.034999999999999698e-01 8.219999999999999529e-01
1.667247013234027242e-02 2.860683770034422660e-02 8.924999999999999600e-01 8.169999999999999485e-01
1.630379084070278026e-02 2.736050467216287474e-02 9.004999999999999671e-01 8.209999999999999520e-01
1.748628728660273773e-02 2.941049707570088032e-02 8.910000000000000142e-01 8.050000000000000488e-01
1.560499423209145940e-02 2.723402917505704166e-02 9.050000000000000266e-01 8.189999999999999503e-01
1.754567426857473605e-02 2.880682523612211957e-02 8.994999999999999662e-01 8.209999999999999520e-01
1.791508790969702572e-02 2.909219790507046322e-02 8.870000000000000107e-01 8.080000000000000515e-01
1.545714652648242683e-02 2.720542841077379023e-02 9.004999999999999671e-01 8.269999999999999574e-01
1.713126509672010037e-02 2.842615066317425235e-02 8.944999999999999618e-01 8.199999999999999512e-01
1.608036269477885680e-02 2.740217700951341068e-02 8.980000000000000204e-01 8.219999999999999529e-01
1.680170933024290048e-02 2.811235018468569158e-02 8.920000000000000151e-01 8.209999999999999520e-01
1.642545536989875252e-02 2.775211132973293485e-02 8.894999999999999574e-01 8.169999999999999485e-01
1.715915019979381145e-02 2.844162688083472917e-02 8.920000000000000151e-01 8.199999999999999512e-01
1.627963675136512647e-02 2.799431280591255580e-02 9.014999999999999680e-01 8.269999999999999574e-01
1.649267637200245440e-02 2.743596594039827280e-02 9.004999999999999671e-01 8.129999999999999449e-01
1.538491702960354326e-02 2.725769625558191814e-02 9.004999999999999671e-01 8.179999999999999494e-01
1.538582066136985442e-02 2.753178227108767431e-02 9.034999999999999698e-01 8.229999999999999538e-01
1.831414173892499317e-02 2.958359091651596023e-02 8.844999999999999529e-01 8.149999999999999467e-01
1.576488015392995407e-02 2.782352201927926205e-02 9.000000000000000222e-01 8.289999999999999591e-01
1.585189946890109072e-02 2.742933936100766176e-02 8.990000000000000213e-01 8.239999999999999547e-01
1.567859936490498263e-02 2.747715516487496054e-02 9.014999999999999680e-01 8.279999999999999583e-01
1.598349095806510592e-02 2.824509078834981299e-02 9.010000000000000231e-01 8.199999999999999512e-01
1.588290329530328213e-02 2.718537438718841501e-02 8.984999999999999654e-01 8.209999999999999520e-01
1.719053351196202575e-02 2.884686115242258639e-02 8.904999999999999583e-01 8.129999999999999449e-01
1.557894087432156946e-02 2.754313817671620590e-02 9.000000000000000222e-01 8.289999999999999591e-01
1.531270578340446220e-02 2.752260319151578205e-02 9.090000000000000302e-01 8.279999999999999583e-01
1.487208367423840591e-02 2.687931238281213511e-02 9.034999999999999698e-01 8.359999999999999654e-01
1.646878551499245460e-02 2.792339305793618137e-02 8.960000000000000187e-01 8.189999999999999503e-01
1.489045591519451428e-02 2.729932738694733352e-02 9.034999999999999698e-01 8.269999999999999574e-01
1.612469560807252775e-02 2.802333704195262426e-02 9.040000000000000258e-01 8.249999999999999556e-01
1.738847988976867376e-02 2.985004717917079387e-02 8.910000000000000142e-01 8.100000000000000533e-01
1.482931077754238991e-02 2.728500639985602036e-02 9.040000000000000258e-01 8.289999999999999591e-01
1.507899877800270190e-02 2.720698519727572998e-02 9.010000000000000231e-01 8.229999999999999538e-01
1.524052960302027526e-02 2.679644536178303615e-02 9.074999999999999734e-01 8.279999999999999583e-01
1.531898029920253715e-02 2.799673024400291255e-02 9.010000000000000231e-01 8.229999999999999538e-01
1.647912940938546164e-02 2.836615810483024760e-02 8.974999999999999645e-01 8.229999999999999538e-01
1.633727204326285154e-02 2.817916031618181508e-02 8.970000000000000195e-01 8.149999999999999467e-01
1.662778476062863262e-02 2.896827349570225626e-02 9.014999999999999680e-01 8.199999999999999512e-01
1.578693168096763355e-02 2.776820425300627337e-02 8.940000000000000169e-01 8.209999999999999520e-01
1.594990339517163638e-02 2.800896296255489873e-02 8.960000000000000187e-01 8.239999999999999547e-01
1.463289320868292435e-02 2.624548283158252560e-02 9.064999999999999725e-01 8.249999999999999556e-01
1.474937720301149058e-02 2.742839284145651840e-02 9.140000000000000346e-01 8.319999999999999618e-01
1.483907987690232140e-02 2.746220260027555995e-02 9.094999999999999751e-01 8.319999999999999618e-01
1.575785605528231756e-02 2.874165419213183664e-02 8.980000000000000204e-01 8.269999999999999574e-01
1.484386229491786897e-02 2.753140970789279968e-02 9.050000000000000266e-01 8.219999999999999529e-01
1.481579979141094648e-02 2.698643956199260965e-02 9.024999999999999689e-01 8.189999999999999503e-01
1.525292436284985016e-02 2.749820811947115487e-02 9.030000000000000249e-01 8.279999999999999583e-01
1.706565767387605362e-02 2.927441542522324705e-02 8.944999999999999618e-01 8.060000000000000497e-01
1.753299023631940332e-02 2.965787586717944305e-02 8.844999999999999529e-01 8.100000000000000533e-01
1.388821915061200230e-02 2.651457224664163087e-02 9.150000000000000355e-01 8.329999999999999627e-01
1.614057333636335217e-02 2.910238277013755745e-02 8.964999999999999636e-01 8.199999999999999512e-01
1.387136313516380490e-02 2.676954729420779125e-02 9.150000000000000355e-01 8.329999999999999627e-01
1.433336166311323726e-02 2.665511364040843920e-02 9.174999999999999822e-01 8.309999999999999609e-01
1.540156958930969690e-02 2.785521583860396666e-02 9.070000000000000284e-01 8.120000000000000551e-01
1.534910942045055772e-02 2.821589080739116823e-02 9.094999999999999751e-01 8.249999999999999556e-01
1.487359824933239157e-02 2.803540568651223877e-02 9.070000000000000284e-01 8.249999999999999556e-01
1.477566469591249862e-02 2.719944501468871817e-02 9.130000000000000338e-01 8.349999999999999645e-01
1.524779893068049438e-02 2.764132626791542327e-02 9.014999999999999680e-01 8.249999999999999556e-01
1.556398565985817571e-02 2.817496863652309974e-02 8.980000000000000204e-01 8.199999999999999512e-01
1.518169755949481947e-02 2.739253483984135928e-02 9.114999999999999769e-01 8.249999999999999556e-01
1.484211802999718666e-02 2.727253780869757019e-02 9.084999999999999742e-01 8.229999999999999538e-01
1.663136932041751198e-02 2.910368484154668769e-02 8.930000000000000160e-01 8.070000000000000506e-01
1.579849309714603106e-02 2.887782016696300441e-02 9.004999999999999671e-01 8.100000000000000533e-01
1.471193826442437208e-02 2.814170403070407819e-02 9.060000000000000275e-01 8.139999999999999458e-01
1.405070827730754181e-02 2.730490303474505248e-02 9.094999999999999751e-01 8.269999999999999574e-01
1.485906864457655838e-02 2.781217887152135498e-02 9.094999999999999751e-01 8.249999999999999556e-01
1.428187925678059585e-02 2.721363886100591420e-02 9.080000000000000293e-01 8.239999999999999547e-01
1.420714863091285425e-02 2.711776033759832547e-02 9.134999999999999787e-01 8.269999999999999574e-01
1.417345903364311197e-02 2.742627221386357075e-02 9.130000000000000338e-01 8.249999999999999556e-01
1.379466583724887896e-02 2.665995210656542033e-02 9.150000000000000355e-01 8.239999999999999547e-01
1.444979213179934698e-02 2.812166101636366308e-02 9.170000000000000373e-01 8.279999999999999583e-01
1.476417587495943221e-02 2.781008708000861848e-02 9.070000000000000284e-01 8.110000000000000542e-01
1.553448030552252203e-02 2.835472296142841145e-02 9.010000000000000231e-01 8.159999999999999476e-01
1.557667831689685083e-02 2.845258135306148045e-02 9.014999999999999680e-01 8.219999999999999529e-01
1.493112612839725580e-02 2.764236259024514808e-02 9.050000000000000266e-01 8.199999999999999512e-01
1.423810188817278485e-02 2.741360101595803969e-02 9.094999999999999751e-01 8.169999999999999485e-01
1.437195833943661662e-02 2.782640628506427918e-02 9.070000000000000284e-01 8.189999999999999503e-01
1.415101521612316393e-02 2.656245713109907369e-02 9.090000000000000302e-01 8.269999999999999574e-01
1.428404737470782837e-02 2.797951580310536340e-02 9.130000000000000338e-01 8.269999999999999574e-01
1.512134599620259222e-02 2.878415211971775342e-02 9.124999999999999778e-01 8.199999999999999512e-01
1.430099537520543480e-02 2.747977995939175286e-02 9.060000000000000275e-01 8.229999999999999538e-01
1.475303918907108248e-02 2.755907091495556765e-02 8.994999999999999662e-01 8.189999999999999503e-01
1.425449647615740535e-02 2.753551790727846657e-02 9.170000000000000373e-01 8.189999999999999503e-01
1.490787019488414196e-02 2.755121109681710895e-02 9.050000000000000266e-01 8.219999999999999529e-01
1.425047588922407661e-02 2.690514088956152267e-02 9.110000000000000320e-01 8.269999999999999574e-01
1.372480605998366125e-02 2.709403049003296371e-02 9.200000000000000400e-01 8.259999999999999565e-01
1.393092918632025945e-02 2.755097893072599655e-02 9.090000000000000302e-01 8.229999999999999538e-01
1.443562133960289186e-02 2.796161906245951678e-02 9.100000000000000311e-01 8.249999999999999556e-01
1.565046391382688556e-02 2.832095515153900886e-02 8.974999999999999645e-01 8.129999999999999449e-01
1.390842811825761249e-02 2.731404900068120159e-02 9.164999999999999813e-01 8.329999999999999627e-01
1.542463671090129294e-02 2.815772551119875497e-02 8.980000000000000204e-01 8.219999999999999529e-01
1.330996880198036941e-02 2.652141233727666608e-02 9.160000000000000364e-01 8.289999999999999591e-01
1.491831420310756398e-02 2.809283653124637625e-02 9.034999999999999698e-01 8.080000000000000515e-01
1.401510472334353483e-02 2.707757004638847859e-02 9.140000000000000346e-01 8.249999999999999556e-01
1.679745858318632337e-02 2.886270408223754261e-02 8.900000000000000133e-01 8.050000000000000488e-01
1.418516889790881301e-02 2.691866024810103675e-02 9.104999999999999760e-01 8.309999999999999609e-01
1.416231290569839110e-02 2.704762316114530524e-02 9.144999999999999796e-01 8.239999999999999547e-01
1.411307620154641715e-02 2.711743619872782063e-02 9.140000000000000346e-01 8.249999999999999556e-01
1.431258470921437792e-02 2.759008717249905596e-02 9.104999999999999760e-01 8.239999999999999547e-01
1.463231345961966100e-02 2.724940704136396760e-02 9.090000000000000302e-01 8.259999999999999565e-01
1.370032319108712565e-02 2.689468806425841102e-02 9.114999999999999769e-01 8.279999999999999583e-01
1.782286438522412073e-02 2.985615685365582486e-02 8.804999999999999494e-01 8.070000000000000506e-01
1.595571766800799388e-02 2.890127390861686740e-02 9.104999999999999760e-01 8.229999999999999538e-01
1.446260581970902799e-02 2.789844700788586193e-02 9.070000000000000284e-01 8.159999999999999476e-01
1.432155027979424046e-02 2.774738254126683096e-02 9.090000000000000302e-01 8.139999999999999458e-01
1.350137159244708257e-02 2.700676101391913039e-02 9.200000000000000400e-01 8.259999999999999565e-01
1.308644479983297158e-02 2.653348844581274180e-02 9.204999999999999849e-01 8.299999999999999600e-01
1.441296411287156312e-02 2.756357705427098584e-02 9.034999999999999698e-01 8.179999999999999494e-01
1.346336638144900004e-02 2.677990863248874004e-02 9.164999999999999813e-01 8.279999999999999583e-01
1.381194539856962604e-02 2.709810364039881223e-02 9.150000000000000355e-01 8.279999999999999583e-01
1.418558408861447101e-02 2.692392993011580304e-02 9.110000000000000320e-01 8.199999999999999512e-01
1.324840884688373646e-02 2.702303004389410707e-02 9.190000000000000391e-01 8.269999999999999574e-01
1.392523085278552127e-02 2.758763465471196843e-02 9.140000000000000346e-01 8.269999999999999574e-01
1.394559473678852989e-02 2.745394471987070914e-02 9.134999999999999787e-01 8.259999999999999565e-01
1.476541181194443442e-02 2.834886160615935832e-02 9.054999999999999716e-01 8.169999999999999485e-01
1.304677170635826049e-02 2.714733431872317498e-02 9.220000000000000417e-01 8.189999999999999503e-01
1.503657178312436775e-02 2.785590314262641892e-02 9.070000000000000284e-01 8.100000000000000533e-01
1.419575506087913074e-02 2.760863453939358531e-02 9.160000000000000364e-01 8.269999999999999574e-01
1.396117383225835631e-02 2.730978026634692940e-02 9.140000000000000346e-01 8.249999999999999556e-01
1.419834160880691608e-02 2.747941000027272901e-02 9.194999999999999840e-01 8.279999999999999583e-01
1.320911660978079001e-02 2.627700561322225334e-02 9.174999999999999822e-01 8.299999999999999600e-01
1.358969528857228472e-02 2.702585249612743726e-02 9.144999999999999796e-01 8.329999999999999627e-01
1.305345023242430146e-02 2.660551264284595138e-02 9.184999999999999831e-01 8.309999999999999609e-01
1.438769522899610576e-02 2.774470535941619617e-02 9.130000000000000338e-01 8.319999999999999618e-01
1.560774463896671266e-02 2.851132764283028156e-02 9.010000000000000231e-01 8.189999999999999503e-01
1.297469523121163801e-02 2.662789764463536352e-02 9.184999999999999831e-01 8.309999999999999609e-01
1.725988797662216315e-02 2.947952910663331066e-02 8.934999999999999609e-01 8.050000000000000488e-01
1.451565630776651718e-02 2.803835373856648425e-02 9.040000000000000258e-01 8.249999999999999556e-01
1.466026229553719397e-02 2.779756918306021743e-02 9.080000000000000293e-01 8.179999999999999494e-01
1.295535254306360781e-02 2.680887873493431953e-02 9.184999999999999831e-01 8.249999999999999556e-01
1.339202755322923578e-02 2.716174455518918091e-02 9.180000000000000382e-01 8.279999999999999583e-01
1.455867848290444584e-02 2.809358063444307094e-02 9.154999999999999805e-01 8.249999999999999556e-01
1.333839767675499069e-02 2.693754270668429623e-02 9.174999999999999822e-01 8.279999999999999583e-01
1.470941856802462054e-02 2.872661677733510596e-02 9.050000000000000266e-01 8.139999999999999458e-01
1.455101060036170096e-02 2.835186764081602112e-02 9.120000000000000329e-01 8.189999999999999503e-01
1.375913427484623010e-02 2.814609269375267092e-02 9.100000000000000311e-01 8.179999999999999494e-01
1.283049954140027225e-02 2.692125399858908211e-02 9.254999999999999893e-01 8.359999999999999654e-01
1.528817833348730323e-02 2.919382318737962639e-02 9.004999999999999671e-01 8.129999999999999449e-01
1.380974009183620968e-02 2.760341819695402016e-02 9.074999999999999734e-01 8.249999999999999556e-01
1.317524040864887294e-02 2.688174123808914975e-02 9.180000000000000382e-01 8.279999999999999583e-01
1.271244825920792888e-02 2.658049568776890345e-02 9.184999999999999831e-01 8.309999999999999609e-01
1.354732176970179641e-02 2.739560205548210656e-02 9.134999999999999787e-01 8.239999999999999547e-01
1.290607300966796836e-02 2.683730455416820024e-02 9.180000000000000382e-01 8.369999999999999662e-01
1.322151254501148683e-02 2.729485880257331507e-02 9.160000000000000364e-01 8.289999999999999591e-01
1.507315929252047229e-02 2.909348842633722662e-02 9.030000000000000249e-01 8.159999999999999476e-01
1.348581925804938006e-02 2.724628933035598208e-02 9.124999999999999778e-01 8.249999999999999556e-01
1.350167391769219877e-02 2.761585395192555151e-02 9.160000000000000364e-01 8.269999999999999574e-01
1.362507119059279230e-02 2.737231228308045772e-02 9.130000000000000338e-01 8.289999999999999591e-01
1.303189037473062584e-02 2.685123044049782942e-02 9.184999999999999831e-01 8.299999999999999600e-01
1.432394502242762512e-02 2.796472792900425372e-02 9.104999999999999760e-01 8.100000000000000533e-01
1.421788524664785273e-02 2.800713676734040841e-02 9.134999999999999787e-01 8.209999999999999520e-01
1.348833746368014765e-02 2.770013228979937084e-02 9.140000000000000346e-01 8.279999999999999583e-01
1.400423990650839778e-02 2.842312092031479970e-02 9.220000000000000417e-01 8.229999999999999538e-01
1.450203199611679004e-02 2.851619279401363186e-02 9.060000000000000275e-01 8.179999999999999494e-01
1.405377229929205204e-02 2.757202013650653441e-02 9.114999999999999769e-01 8.209999999999999520e-01
1.319051608625101957e-02 2.703024944049780068e-02 9.184999999999999831e-01 8.259999999999999565e-01
1.419849978189406323e-02 2.833939994570320101e-02 9.140000000000000346e-01 8.209999999999999520e-01
1.557195745558642534e-02 2.906276525832614255e-02 9.074999999999999734e-01 8.110000000000000542e-01
1.471026251587570152e-02 2.887483269257364732e-02 9.120000000000000329e-01 8.189999999999999503e-01
1.312260000035425991e-02 2.770463725507597147e-02 9.110000000000000320e-01 8.259999999999999565e-01
1.282193881057950777e-02 2.726804169230957059e-02 9.160000000000000364e-01 8.259999999999999565e-01
1.359263520305595621e-02 2.811120353435354186e-02 9.120000000000000329e-01 8.259999999999999565e-01
1.269527160491991380e-02 2.740786564970643449e-02 9.224999999999999867e-01 8.309999999999999609e-01
1.250083335780371140e-02 2.693706225822061276e-02 9.170000000000000373e-01 8.309999999999999609e-01
1.270717319065634010e-02 2.715061105113970863e-02 9.194999999999999840e-01 8.309999999999999609e-01
