6.637683075491983276e-02 5.665530189404473227e-02
5.211812427972064427e-02 4.744475410290644596e-02
4.485945985243563333e-02 4.240029177286949030e-02
4.132169734780712783e-02 3.964674670191783296e-02
3.883346735457464394e-02 3.776104446330500602e-02
3.699606026893075689e-02 3.624835604688698282e-02
3.564597361064431036e-02 3.506513901790952320e-02
3.462286973149523300e-02 3.441492401865688805e-02
3.378035703948185225e-02 3.348793113586178566e-02
3.314817103075057975e-02 3.298436419754872256e-02
3.251761297175282533e-02 3.245920447223528404e-02
3.194804348502469638e-02 3.211338461855211407e-02
3.167652250491485161e-02 3.171718806591723727e-02
3.128431743025574668e-02 3.122603863604810417e-02
3.089614924426864473e-02 3.117548975664181238e-02
3.064203044609218815e-02 3.078929477858372704e-02
3.047373402176323243e-02 3.056865480494552062e-02
3.008966855247591568e-02 3.033833961166413143e-02
2.996661986251739421e-02 3.028314725815196146e-02
2.977014709910372203e-02 3.004421967244170696e-02
2.972108621615480659e-02 2.988760628746861547e-02
2.957812168598883407e-02 2.988803090738877122e-02
2.940385892407378077e-02 2.963735797063959260e-02
2.932100923901813372e-02 2.946614415116851141e-02
2.916008148822829202e-02 2.955749645933413924e-02
2.905350109130193717e-02 2.925606527708619897e-02
2.897265912849132999e-02 2.926206989208917156e-02
2.878344759727054572e-02 2.910050795516374092e-02
2.875800850304051359e-02 2.911553235329816802e-02
2.862291189188431381e-02 2.896613289074755418e-02
2.856069975804050379e-02 2.886891360918582977e-02
2.845024499418861638e-02 2.888751179362392119e-02
2.840342903661613114e-02 2.882454641843756882e-02
2.838377815826930231e-02 2.866469285513106174e-02
2.825894216942413661e-02 2.850235739077021033e-02
2.822505755489318133e-02 2.853978311886563868e-02
2.816467631051676815e-02 2.840045478631208348e-02
2.803368858158596100e-02 2.847463412293447377e-02
2.801433530958294393e-02 2.834815775164895024e-02
2.807060209273020898e-02 2.838380179972463738e-02
2.807204827824493279e-02 2.839560414664058299e-02
2.781990345526253253e-02 2.819560245381211999e-02
2.787560509884650164e-02 2.816904706832994848e-02
2.788350096672364067e-02 2.822015488501241134e-02
2.778245724911812195e-02 2.809743305987412107e-02
2.777806370531679322e-02 2.805886128607109828e-02
2.769004067404709155e-02 2.803257910735614672e-02
2.768477678229086525e-02 2.800675613446338905e-02
2.772706342845321359e-02 2.795021834618808057e-02
2.757197961553856103e-02 2.799047533319728651e-02
2.758113024087882961e-02 2.788314972611415088e-02
2.748126352175854145e-02 2.801515159250903692e-02
2.740357177186262053e-02 2.772401410409013750e-02
2.749336141688657129e-02 2.770648773574287474e-02
2.750650303503907393e-02 2.791533474216380262e-02
2.745644710613396114e-02 2.777789446298883219e-02
2.737809647829041182e-02 2.768100916712126075e-02
2.735810611606505002e-02 2.785001290220934234e-02
2.730394944385596337e-02 2.762126482448313408e-02
2.731542435083557721e-02 2.775122270651740261e-02
2.738165460221072059e-02 2.772330701948018394e-02
2.735876892459047915e-02 2.778104537142302502e-02
2.723106223646892463e-02 2.762002007762025257e-02
2.728182895744161660e-02 2.751738875130373477e-02
2.720467134065329348e-02 2.770782758527714704e-02
2.718524210330494975e-02 2.761941367521058427e-02
2.711785040311115447e-02 2.755374127624645939e-02
2.720475451922510501e-02 2.756261284935020497e-02
2.709740699776834461e-02 2.767081491025546666e-02
2.712154875062746176e-02 2.747523624088191868e-02
2.701828818909851257e-02 2.752689957532486117e-02
2.706664431047915362e-02 2.752205392202457940e-02
2.704040110823581824e-02 2.735878762743767373e-02
2.698009158379295960e-02 2.725154288162146346e-02
2.705478886554141260e-02 2.739832170700657460e-02
2.698238185878304787e-02 2.743221511970386425e-02
2.708689342345224974e-02 2.738165243534428431e-02
2.702764920278097338e-02 2.754016931397677143e-02
2.688848445711133558e-02 2.732796490345896362e-02
2.692588839805145837e-02 2.721169189269360966e-02
2.689478302089076678e-02 2.719137922619756925e-02
2.690763682741082255e-02 2.732174015380437263e-02
2.689355147889878339e-02 2.731456860924722646e-02
2.693560630877889217e-02 2.730710465626568287e-02
2.685043912305210348e-02 2.721299828539191709e-02
2.691569669156953712e-02 2.716809769375517353e-02
2.691771937828017769e-02 2.736413049661994695e-02
2.675693657546155887e-02 2.727859578992431269e-02
2.677913698552849761e-02 2.741749429468886071e-02
2.676786706750762870e-02 2.716705443322163516e-02
2.678548828541577401e-02 2.729053475222142228e-02
2.677339455189514661e-02 2.720511141325448329e-02
2.686218108740014154e-02 2.715026163834901793e-02
2.681547032589917320e-02 2.738116933342802164e-02
2.680988231842619876e-02 2.724491480194548773e-02
2.668308883528593134e-02 2.722025297809096273e-02
2.672378687923293236e-02 2.724528729291463697e-02
2.679221990697823463e-02 2.712454215750047595e-02
2.675591796158076352e-02 2.723644007919289248e-02
2.670025788484621521e-02 2.710245520842726255e-02
2.668231856063564555e-02 2.710158850655272969e-02
2.671398030088109610e-02 2.715257323859077143e-02
2.663075708745654691e-02 2.701407714250470340e-02
2.677841425703425537e-02 2.711715125524066794e-02
2.663932753167152015e-02 2.713045976645510685e-02
2.669383947804506926e-02 2.710745403941397860e-02
2.672699153002963332e-02 2.698977236176143199e-02
2.655594370615011260e-02 2.700071684624305232e-02
2.673314230871108241e-02 2.684201063749640931e-02
2.655087833178914822e-02 2.708365228131784722e-02
2.661575952336057635e-02 2.699883710306487730e-02
2.668358708135675980e-02 2.697018206749135852e-02
2.673343533151151252e-02 2.695486058928913894e-02
2.672035890974726324e-02 2.701537716772884484e-02
2.653075836001313192e-02 2.699829110932260717e-02
2.655871593227257174e-02 2.706493702424445438e-02
2.656523027068263820e-02 2.701823427795856450e-02
2.651749075607905473e-02 2.701631792677211888e-02
2.653000250449867245e-02 2.696612238387357391e-02
2.660852151387287090e-02 2.724533062447520235e-02
2.656515120231249874e-02 2.694785121245608581e-02
2.650472884649796024e-02 2.689986672798669667e-02
2.656719394818756255e-02 2.705603672749331765e-02
2.655402982272307352e-02 2.697296789781294946e-02
2.671490646537933236e-02 2.707772350502173769e-02
2.654468422699718042e-02 2.680899351552686397e-02
2.656112610634896523e-02 2.701632026527711963e-02
2.654945315446196816e-02 2.703384859847483487e-02
2.646788535644566467e-02 2.683138648216517111e-02
2.654101825448981766e-02 2.691945577897025821e-02
2.649098452214357705e-02 2.696177520913654174e-02
2.647047519256751427e-02 2.692990767944366051e-02
2.642111269380946828e-02 2.712105374398251015e-02
2.654490639448838299e-02 2.690957245008451446e-02
2.652044874493895629e-02 2.681584714597329278e-02
2.645202479153569222e-02 2.692248248773336169e-02
2.644127813460659879e-02 2.689715188520324513e-02
2.647670924960784586e-02 2.680036329633365966e-02
2.634120801983363958e-02 2.686037700008813561e-02
2.637200884817279475e-02 2.687695680309165960e-02
2.641959939078574945e-02 2.692627962107821751e-02
2.649467915674622379e-02 2.686962949821164112e-02
2.650566085449677575e-02 2.692509105721873838e-02
2.649948697619472840e-02 2.681933469918115417e-02
2.646249801807857086e-02 2.663786712054283523e-02
2.627630157027520397e-02 2.675608080315939816e-02
2.639078040032132033e-02 2.675050432453812341e-02
2.643735570588769471e-02 2.683910815308646752e-02
2.635789274968045048e-02 2.670147674294999149e-02
2.641680156436169644e-02 2.696827940759787337e-02
2.627691359582456920e-02 2.676929318910178240e-02
2.635154913357651632e-02 2.678077999976398102e-02
2.634776769084579140e-02 2.669592449833011610e-02
2.634303679934634976e-02 2.674860624495604272e-02
2.635495280903308105e-02 2.665376875948892790e-02
2.639395187674868637e-02 2.672511579589228678e-02
2.644629946684785848e-02 2.686762433727673746e-02
2.632552885278012511e-02 2.675215312117297864e-02
2.636302929289343136e-02 2.667949073854026035e-02
2.638751305332035987e-02 2.671409547547617253e-02
2.645730296071277521e-02 2.674748530400352167e-02
2.629797926533579411e-02 2.665313858430217939e-02
2.628896464604601677e-02 2.649321192740441630e-02
2.627274941983505710e-02 2.670517326801412350e-02
2.634229827724093864e-02 2.661390980679900417e-02
2.637250991834411140e-02 2.676729878991965586e-02
2.629286138318039437e-02 2.677447984258685479e-02
2.633319841527751934e-02 2.656790759502315052e-02
2.632991507987895996e-02 2.682857717029559982e-02
2.633434328216843409e-02 2.663068335641360571e-02
2.642324066562171461e-02 2.669797677299311570e-02
2.626725844168282739e-02 2.662695417263060207e-02
2.630315803224311799e-02 2.673326822907519038e-02
2.631209704544770420e-02 2.680442818047587897e-02
2.627110659140139207e-02 2.673569418991886618e-02
2.637177630697036188e-02 2.665063783453611862e-02
2.636799318142217519e-02 2.676411289415736236e-02
2.637700694125025280e-02 2.654363678340899979e-02
2.631598294109662242e-02 2.672022122494096749e-02
2.626265833997995514e-02 2.673945350718353459e-02
2.638235279973884240e-02 2.663804010300106079e-02
2.629581521121948998e-02 2.672288638605748237e-02
2.627009117973389332e-02 2.682146579776130760e-02
2.628628042612296545e-02 2.661670782577468114e-02
2.634439113423384105e-02 2.666869513421127325e-02
2.641773498862386507e-02 2.675433635702103782e-02
2.626995283355600119e-02 2.661069085087529665e-02
2.623137580424774254e-02 2.672653119305690161e-02
2.629488177760424747e-02 2.672857862404154697e-02
2.624782776242355620e-02 2.669602550914616790e-02
2.624695065459841867e-02 2.661362116877545592e-02
2.631377432960670462e-02 2.671087692468165908e-02
2.626394593489229934e-02 2.673596306517226143e-02
2.624324256428320692e-02 2.669353393045248088e-02
2.621536595030550879e-02 2.667423975786314613e-02
2.624126901029367673e-02 2.674982188114867834e-02
2.632749726831544804e-02 2.669466379083896765e-02
2.635196595216156290e-02 2.662267786364360192e-02
2.622363468571109815e-02 2.653268361029840691e-02
2.615644266365273543e-02 2.661961884003140322e-02
2.620496531274813315e-02 2.643164290504597044e-02
2.626940797060603114e-02 2.662153448031733677e-02
2.620408530425085217e-02 2.675276612764391354e-02
2.623446534280938006e-02 2.661041959236037577e-02
2.625725611673737983e-02 2.665849841067273115e-02
2.630463448710696275e-02 2.678932849152570669e-02
2.627836386789285383e-02 2.660668142358101063e-02
2.623145307661478923e-02 2.649694239796345635e-02
2.626123011003149432e-02 2.651014038150110302e-02
2.617543965965850317e-02 2.674499529563733116e-02
2.617976285996605548e-02 2.669039507132846961e-02
2.620954076744287306e-02 2.663342000777020255e-02
2.617613986365424639e-02 2.650765331382992987e-02
2.620212768362225123e-02 2.654811408416479432e-02
2.617545252111564899e-02 2.645874655009618215e-02
2.618362864003999022e-02 2.669304471194630310e-02
2.618145285748365095e-02 2.649018006770548217e-02
2.611274302335141531e-02 2.653217414796377183e-02
2.611047887666531966e-02 2.664735264909155396e-02
2.604437434440346963e-02 2.655826729521879384e-02
2.615277011682809113e-02 2.662843847996380214e-02
2.617503830772600557e-02 2.652796324571113015e-02
2.618838005935721081e-02 2.653762442933811638e-02
2.615106930000392696e-02 2.651617631536921579e-02
2.624642794324011721e-02 2.667265774941103215e-02
2.632021727243220865e-02 2.643183356139951895e-02
2.611003531016420354e-02 2.653190199467487034e-02
2.613024696796174481e-02 2.654636409374603809e-02
2.623965108751653841e-02 2.643944844531274582e-02
2.625294453844974688e-02 2.675533941019675802e-02
2.617888980317485681e-02 2.657811888881870394e-02
2.619092625724048565e-02 2.653192512838027303e-02
2.618038431628064155e-02 2.660252223297646795e-02
2.620836277210597184e-02 2.661078745996507330e-02
2.615208308249484040e-02 2.662173262994677048e-02
2.621650213392384687e-02 2.641192877214054019e-02
2.627254434066604583e-02 2.643242845392694204e-02
2.614090539555703405e-02 2.655357867080930870e-02
2.617965520112730191e-02 2.645834317874787983e-02
2.623436108902210337e-02 2.653306077407764293e-02
2.605251063873256778e-02 2.643812029939768271e-02
2.607693775419879165e-02 2.652569523141577040e-02
2.615522425339120507e-02 2.654963312221997329e-02
2.605034737576726947e-02 2.638569231665658515e-02
2.605154518341365119e-02 2.655570428726924254e-02
2.617251695823523405e-02 2.657910752443138833e-02
2.614011672388741672e-02 2.640060799219661955e-02
2.612931269425149486e-02 2.666972801004914226e-02
2.603024198877068596e-02 2.655799520467104144e-02
2.609947391057571009e-02 2.639637040074272953e-02
2.616722398945834152e-02 2.653266273875786938e-02
2.615056666216057646e-02 2.634266029429625094e-02
2.615700149629353669e-02 2.648771906768893070e-02
2.609759763174033728e-02 2.661542123338556803e-02
2.611106555171953739e-02 2.658730131961279872e-02
2.620210457459103137e-02 2.648080722529284545e-02
2.623111827976150334e-02 2.655116656321811902e-02
2.611884116489604502e-02 2.654354909973289864e-02
2.610541150348149805e-02 2.647494672022947942e-02
2.613215416483604184e-02 2.646083080057862538e-02
2.617418501313206400e-02 2.668907938608799935e-02
2.606602295510710224e-02 2.665687570322089819e-02
2.610818222213558137e-02 2.653759332826553102e-02
2.616593060068332990e-02 2.637531826728763823e-02
2.606435634845425883e-02 2.643877737267767702e-02
2.608297817218995993e-02 2.654508772245155537e-02
2.609400956317269385e-02 2.668741098082955468e-02
2.608863268269566438e-02 2.653148353432243159e-02
2.601223696606422275e-02 2.643810760951765051e-02
2.608851153594356556e-02 2.642835409345411016e-02
2.604040864153111048e-02 2.644831203384533092e-02
2.605605256353873966e-02 2.644524638243022155e-02
2.605665581656393601e-02 2.638242173502959587e-02
2.613851033330423512e-02 2.652891642336968267e-02
2.608035791423873873e-02 2.655019750682262661e-02
2.606390252042368669e-02 2.657058779989554184e-02
2.611319322146028743e-02 2.653342131368275486e-02
2.609317952487766323e-02 2.645771672531027283e-02
2.605160820548397052e-02 2.649745477211632241e-02
2.601036565434381928e-02 2.635358582735370173e-02
2.604502913959938146e-02 2.649434453053900809e-02
2.604670467859343183e-02 2.645567052399472319e-02
2.595438173640474133e-02 2.667294588311258652e-02
2.602636224366952633e-02 2.643135732573418870e-02
2.598842200397505006e-02 2.638771092452921532e-02
2.614273918261059149e-02 2.653986492199577468e-02
2.603831228290666086e-02 2.638041264804660141e-02
2.611366894944509853e-02 2.639719466355278793e-02
2.608933799357964281e-02 2.648187530492457364e-02
2.606516134736529267e-02 2.645121287802824211e-02
2.604692374360574256e-02 2.634459086053179966e-02
2.601814550434143614e-02 2.654789783654921270e-02
2.602398398803471360e-02 2.657951598974317084e-02
2.595767800182213411e-02 2.652171922316095068e-02
2.615932490135413138e-02 2.652227890250036593e-02
2.594610923230027122e-02 2.648164181755716801e-02
2.599433739975048549e-02 2.638136761580065631e-02
2.596543328468641984e-02 2.644133384110928728e-02
2.603686800523899447e-02 2.648623583706638182e-02
2.600699690961077656e-02 2.641011801529578179e-02
2.605627266008670936e-02 2.649230287191312039e-02
2.601082383269279208e-02 2.628566314643604462e-02
2.609667581571454772e-02 2.643514248734725111e-02
2.598813081045824036e-02 2.654579156229204887e-02
2.609131824818773648e-02 2.643753830104102198e-02
2.602156150226536332e-02 2.644427066754959435e-02
2.595605264527497610e-02 2.652449821569315136e-02
2.604397035455134277e-02 2.654255587004791458e-02
2.606222625850486072e-02 2.634722408367472235e-02
2.600140482095416802e-02 2.655496326530517801e-02
2.602844008250588051e-02 2.645797511688941644e-02
2.607456741331693265e-02 2.654135932232777606e-02
2.605690945056202482e-02 2.645793297673543210e-02
2.613516714276200789e-02 2.652776796193201739e-02
2.592753614166295670e-02 2.630123017788497247e-02
2.597496750415817512e-02 2.654858325292312055e-02
2.604266331251935476e-02 2.643570894016615547e-02
2.606312363902317519e-02 2.650450900445305846e-02
2.611145490897205657e-02 2.641181138293372324e-02
2.601988698330387831e-02 2.648782433768870348e-02
2.604842360012123506e-02 2.642780510024812096e-02
2.617808516484898540e-02 2.648223454355629058e-02
2.611772434511002230e-02 2.640264904956312816e-02
2.612808822075891879e-02 2.645316861907486342e-02
2.595084444232640883e-02 2.636115420353957531e-02
2.605605177980403406e-02 2.662861699391966611e-02
2.609402475499961183e-02 2.647981016527490780e-02
2.610180126809126533e-02 2.640379547635579929e-02
2.603954042383000919e-02 2.638319692072843906e-02
2.610761437830119713e-02 2.652554792146571278e-02
2.603578489973448415e-02 2.643348920810736219e-02
2.607273742453617218e-02 2.630344087429878006e-02
2.601310848363885472e-02 2.637251581683831489e-02
2.610847172690355586e-02 2.657790575226309793e-02
2.607713810021656739e-02 2.649838273957159929e-02
2.610126328749703614e-02 2.639140494232343828e-02
2.592597713892813918e-02 2.648030742823801950e-02
2.601244171598096622e-02 2.642001181780815472e-02
2.603704108688265420e-02 2.650032440429528693e-02
2.611086176736059430e-02 2.636527477260998745e-02
2.605838139540825327e-02 2.645488569188607711e-02
2.608103825878232626e-02 2.647220153605480894e-02
2.612847573117775546e-02 2.656822558215170965e-02
2.609819956019767892e-02 2.632982251750036126e-02
2.599836131996348040e-02 2.648933390025104417e-02
2.600315894575959408e-02 2.647612957959328758e-02
2.599695979370925114e-02 2.646342164244108036e-02
2.606025541534763221e-02 2.643763732029335775e-02
2.597966725571584923e-02 2.651232228837940505e-02
2.602600525108522689e-02 2.647839895440641869e-02
2.604821706087989686e-02 2.658892189860171881e-02
2.609554345456157817e-02 2.662254620438625138e-02
2.603764029090939111e-02 2.637681686902234104e-02
2.616963557219494085e-02 2.654927089857305259e-02
2.599152517285264682e-02 2.651210421904328166e-02
2.603466961028253271e-02 2.648670607356490986e-02
2.609508845328546364e-02 2.649740932748997219e-02
2.605421628138176668e-02 2.646997354274114450e-02
2.593604343766646100e-02 2.645793159251609919e-02
2.604290125433117442e-02 2.642393172440921090e-02
2.602774593401999126e-02 2.649471465533888292e-02
2.600629394722611329e-02 2.654051452131046471e-02
2.599437157234439286e-02 2.633072539540185983e-02
2.600881775842283153e-02 2.642420308007026666e-02
2.607908667457466481e-02 2.651878184513521697e-02
2.598685222815724782e-02 2.660596998491300200e-02
2.608156860176893965e-02 2.656225696469155864e-02
2.602434386240470854e-02 2.665752246608558973e-02
2.597536684688310157e-02 2.646747761027430298e-02
2.613908321486031403e-02 2.655680974147339377e-02
2.595250502211908852e-02 2.641066836153893593e-02
2.597719873709766758e-02 2.649056529603880175e-02
2.603153670348345647e-02 2.630438992854936334e-02
2.603139471404054828e-02 2.638464938520247716e-02
2.594112524730380134e-02 2.646708410809761255e-02
2.603696538270463059e-02 2.644940871516156949e-02
2.607929757304364160e-02 2.648544354395436853e-02
2.611630759160957216e-02 2.667160628318999971e-02
2.604800698108891699e-02 2.629554975335422762e-02
2.598194590011560293e-02 2.647710734126491536e-02
2.614247416936214818e-02 2.641162224054739022e-02
2.602538942587885595e-02 2.635767482578972240e-02
2.607289776879693696e-02 2.644802185161370181e-02
2.598403458905965482e-02 2.638557422688113038e-02
2.601209388547175497e-02 2.645822608900240749e-02
2.602712902181830712e-02 2.625297399888780123e-02
2.603802799828315931e-02 2.641657117031531721e-02
2.610700871254479846e-02 2.658444368676209438e-02
2.613748467582610938e-02 2.644348825665100364e-02
2.607814575421463221e-02 2.649762534870120714e-02
2.600271159461017487e-02 2.651289358097845897e-02
2.607339813196297984e-02 2.654136230193009788e-02
2.604681165247377597e-02 2.644264386339168285e-02
2.596132243601166623e-02 2.645718377040878061e-02
2.601659870861313881e-02 2.649775541657268044e-02
2.602626078441271432e-02 2.630841273912871286e-02
2.605133042566762022e-02 2.658343354140974349e-02
2.605364356296458947e-02 2.643478583037756763e-02
2.603715901955636416e-02 2.646582896901253715e-02
2.594754084221595133e-02 2.653004089522179379e-02
2.598671988921093245e-02 2.646588734991476774e-02
2.601039538102933521e-02 2.643944883173308599e-02
2.606482422435218646e-02 2.637919799106046986e-02
2.601356749755884268e-02 2.645381906004899350e-02
2.609739005620578464e-02 2.641104589538354960e-02
2.600705129962249326e-02 2.634540199524359680e-02
2.602098613249724871e-02 2.663960030997213416e-02
2.611369048996063300e-02 2.651153580978661897e-02
2.600693347114233986e-02 2.651773943553913451e-02
2.604830764604504356e-02 2.651103186885988769e-02
2.611131648674135108e-02 2.657166025084429020e-02
2.599134032887252463e-02 2.659718459159873469e-02
2.609921228186866046e-02 2.644624692944003153e-02
2.612502197828275516e-02 2.655121647039521485e-02
2.614894491697757062e-02 2.654537654474911287e-02
2.595824461904798486e-02 2.645179140048823513e-02
2.612590732642494293e-02 2.653870485514394154e-02
2.618189966047562364e-02 2.649830797486331727e-02
2.604496029934037435e-02 2.652082447761616377e-02
2.609011698764853934e-02 2.646483588597477871e-02
2.609657623850554151e-02 2.650188680490774343e-02
2.606188365812453500e-02 2.640285573854283391e-02
2.608325568277121073e-02 2.627747350425984479e-02
2.614443481474753098e-02 2.642608795186488987e-02
2.602169722922227299e-02 2.653442789470708205e-02
2.612587388446235490e-02 2.632303859080924527e-02
2.597350645525419929e-02 2.643494946725203493e-02
2.613012511685488051e-02 2.647609188598914684e-02
2.606484317150721194e-02 2.639672355657343011e-02
2.607550803527885000e-02 2.641471319129562456e-02
2.622521300439194583e-02 2.644301055323321561e-02
2.601140996628420465e-02 2.653573104195060609e-02
2.604553807129839083e-02 2.661407350253973056e-02
2.600120966843438505e-02 2.654602693686894041e-02
2.608635258655546060e-02 2.658150887329709805e-02
2.610593540966996140e-02 2.638321925418828443e-02
2.611992688224573991e-02 2.642388659332652392e-02
2.591093405404292296e-02 2.662911010514403334e-02
2.602520147762955524e-02 2.640685172561270389e-02
2.610217753577882480e-02 2.661730191518748428e-02
2.610472544533620418e-02 2.660804093277756646e-02
2.603512832542179481e-02 2.658626212919559459e-02
2.613468579724280080e-02 2.670189888164964387e-02
2.606308334854883987e-02 2.652374977316171792e-02
2.608375903034095000e-02 2.644614456480556125e-02
2.607676395574148875e-02 2.663555200943395693e-02
2.607459435561609862e-02 2.649696383356327928e-02
2.610585852719260816e-02 2.651126749133821126e-02
2.613788586213192100e-02 2.637789302180686829e-02
2.610430054153021692e-02 2.650468372915278092e-02
2.600066341618410826e-02 2.646400226935368902e-02
2.609432552499324487e-02 2.649695379630367248e-02
2.605086407016413141e-02 2.641043808712071131e-02
2.602540271618035417e-02 2.654253999091825758e-02
2.604812002864032028e-02 2.640065130456812487e-02
2.603533723125602342e-02 2.643977294161697564e-02
2.605915854086152117e-02 2.642045566867904163e-02
2.604965025649366370e-02 2.649354269349557187e-02
2.607844338464039569e-02 2.645004800028156675e-02
2.608055928139312030e-02 2.645285143013774778e-02
2.606053461260754087e-02 2.632769368836527027e-02
2.608427340014701779e-02 2.640478527164426617e-02
2.603590986917006869e-02 2.647105171314570807e-02
2.601842096157246098e-02 2.643408822109392237e-02
2.592972674953396631e-02 2.654469042020290298e-02
2.606984988624838281e-02 2.655469890692305907e-02
2.616952144702895666e-02 2.644644222515808718e-02
2.616514580492668163e-02 2.656255796058940369e-02
2.611683656911487419e-02 2.650818316462301080e-02
2.604436133032121334e-02 2.649224652306647262e-02
2.611839154845990371e-02 2.654604254809611943e-02
2.608932099917517233e-02 2.648381238474185884e-02
2.601395003452532453e-02 2.644532214206107498e-02
2.611672556521072233e-02 2.636078811323501817e-02
2.605368095771616599e-02 2.658641376813733817e-02
2.617588042356605582e-02 2.650870918681591526e-02
2.594913925240270938e-02 2.646705361788727687e-02
2.599719369650453984e-02 2.655322088527636501e-02
2.606243386094949169e-02 2.647896239093496668e-02
2.595738213212432990e-02 2.658222853070808106e-02
2.605247597629045328e-02 2.650737603190429087e-02
2.606131118574890604e-02 2.657573846037998913e-02
2.604157396880893080e-02 2.643596719371158615e-02
2.612390444365959852e-02 2.647075107407486153e-02
2.615209213564034796e-02 2.660091033158945920e-02
2.608685521420542330e-02 2.637063198640781161e-02
2.594186006368101594e-02 2.632429225203462494e-02
2.590960996367100769e-02 2.639566872027804961e-02
2.600023910700204055e-02 2.642332708370577488e-02
2.607170496946814575e-02 2.649856065093757901e-02
2.612714417068849604e-02 2.641487278203091468e-02
2.603082660427884221e-02 2.656297270306146041e-02
2.593171164563363995e-02 2.645548716029665764e-02
2.606106695149958130e-02 2.639797156420126481e-02
2.609505357123377209e-02 2.649415196472974104e-02
2.602053082991916469e-02 2.650358120487699906e-02
2.618252546727145927e-02 2.651087852058219702e-02
2.602088155477002770e-02 2.649395846135860558e-02
2.611343465924743576e-02 2.638088822374008713e-02
2.604248014213182694e-02 2.663047728401430475e-02
2.616079092764631020e-02 2.649243813605011225e-02
2.602804101052300090e-02 2.643890828857036607e-02
2.605176787898964841e-02 2.643823073238289051e-02
2.601884820823835431e-02 2.653789370245219700e-02
2.614012893506248436e-02 2.642034088539873399e-02
2.601996563693728670e-02 2.653852250244942770e-02
2.602241197654561397e-02 2.648393953527506187e-02
2.606576813973036574e-02 2.652944725708089591e-02
2.605721653907859883e-02 2.643063222613114410e-02
2.604588250371760519e-02 2.652482403387602591e-02
2.606631857396690677e-02 2.647781129563537422e-02
2.608494680346025787e-02 2.660738396155027177e-02
2.605639710138393794e-02 2.656657316711371827e-02
2.602129939505471931e-02 2.638127651198354448e-02
2.604671523296966593e-02 2.651654083271247700e-02
2.611347749941485274e-02 2.653085346239478573e-02
2.606122409881593896e-02 2.655065747481789515e-02
2.595339681934472412e-02 2.650767957409804615e-02
2.602790524150784199e-02 2.637674906212534795e-02
2.597654570427090567e-02 2.634040059745062015e-02
2.616419359822515223e-02 2.636931817908688691e-02
2.599313806503459126e-02 2.639943381271623105e-02
2.598131203779764642e-02 2.658843260908352185e-02
2.613408224545258826e-02 2.645980930775366016e-02
2.595714375336768617e-02 2.664541909543667250e-02
2.600958054959179311e-02 2.640702029035862583e-02
2.608411467098880124e-02 2.650872908356967719e-02
2.601794406278704064e-02 2.643253956786112413e-02
2.613129662964747482e-02 2.662191386000754487e-02
2.603558209108861043e-02 2.662861078768120893e-02
2.613143434976505572e-02 2.659358155912642380e-02
2.608986997330043842e-02 2.640022981244444233e-02
2.604241663407529106e-02 2.642431518957336772e-02
2.613514443644830709e-02 2.660768950002049063e-02
2.598487516587187629e-02 2.644641874439721679e-02
2.603813194954767221e-02 2.639669556420282115e-02
2.604432702253282536e-02 2.654071661161621146e-02
2.606525323649764789e-02 2.642573897717459888e-02
2.601040208291641523e-02 2.644922479140005001e-02
2.604415215026481892e-02 2.638369021267312348e-02
2.595295573972981884e-02 2.635865995679604473e-02
2.607304960363555565e-02 2.647855997362049893e-02
2.606308840767942656e-02 2.630492145971244713e-02
2.604441954460539124e-02 2.643215024189568205e-02
2.604838385384901714e-02 2.645372370306575682e-02
2.601606335296413261e-02 2.645052071315251788e-02
2.602161859919251141e-02 2.643470225258039152e-02
2.606899171360753387e-02 2.635330495054874836e-02
2.595110920077203440e-02 2.641501925760951150e-02
2.598842872189216849e-02 2.635869854020029060e-02
2.612532922422404827e-02 2.646011148406801627e-02
2.607081197589713670e-02 2.635468273646446313e-02
2.604866026964043277e-02 2.648369467820348849e-02
2.593546714862874150e-02 2.646749929167061671e-02
2.600862422318861097e-02 2.645472397066924580e-02
2.587217646994799045e-02 2.624929585176117436e-02
2.597422916419154723e-02 2.649739533788574367e-02
2.616534097735630227e-02 2.654695109065975320e-02
2.608447437788682932e-02 2.656577765645210323e-02
2.599776908767846215e-02 2.651500957886206850e-02
2.601250940260903602e-02 2.648442716769291647e-02
2.602737963790351106e-02 2.642091599733224078e-02
2.599379435508860844e-02 2.640291498596997535e-02
2.597295749388930930e-02 2.639405396846944071e-02
2.605274678136853053e-02 2.649798949187886707e-02
2.603500296197049091e-02 2.639815372621498110e-02
2.605876554618833177e-02 2.659770563408811808e-02
2.602528955539254799e-02 2.635002311512707474e-02
2.600003813140887299e-02 2.638828602021686329e-02
2.597390790999399082e-02 2.640544360982367139e-02
2.597106183886039102e-02 2.640637635199639954e-02
2.599559736565789161e-02 2.651825774645293066e-02
2.596779983790370450e-02 2.649554153620344021e-02
2.601021155522477077e-02 2.637494684803253289e-02
2.599779410994829121e-02 2.646728959036588266e-02
2.600191046272012918e-02 2.653393201337882548e-02
2.600873420834344876e-02 2.655806902523417251e-02
2.599433917966975996e-02 2.645279189824693844e-02
2.608788007301344677e-02 2.663702022362334290e-02
2.602542848404849896e-02 2.630151497326125784e-02
2.606341336454616117e-02 2.649862012670828326e-02
2.598051470473789273e-02 2.638833244365412778e-02
2.598476771297649965e-02 2.651137492673549811e-02
2.600039404386202471e-02 2.655287767994571682e-02
2.604498636212347618e-02 2.652663177168847891e-02
2.606530158920052076e-02 2.646092267264601311e-02
2.596648609073732086e-02 2.648759106777372543e-02
2.606011211428857152e-02 2.642350753123329232e-02
2.604263330721201877e-02 2.645720778154876315e-02
2.611733798503106455e-02 2.661969246025348151e-02
2.610799527859418087e-02 2.651452616978515822e-02
2.609955859027468517e-02 2.652240732943168464e-02
2.601172726993279671e-02 2.661937384015517286e-02
2.588795477864359873e-02 2.647060983351395141e-02
2.595889474528427152e-02 2.651027126513361490e-02
2.598409703383535233e-02 2.652332614592381801e-02
2.605372202101420565e-02 2.657581195517100259e-02
2.603161414993218972e-02 2.650014161327621590e-02
2.600500421884253607e-02 2.635942584202203773e-02
2.601293946885038788e-02 2.658569643359977308e-02
2.610057272962741648e-02 2.637789004109320976e-02
2.602357985865912451e-02 2.645364467210242071e-02
2.600437867818966575e-02 2.646860126879998706e-02
2.593622803361798554e-02 2.650135825930864317e-02
2.608049347214097882e-02 2.646560957905360126e-02
2.614234801750233914e-02 2.651651064720177142e-02
2.604479527780756767e-02 2.648489212076709370e-02
2.597840469014450759e-02 2.642805832577133779e-02
2.608006906171379813e-02 2.643933537474854947e-02
2.598238326941927634e-02 2.645603885069671216e-02
2.607176436577801279e-02 2.649954790812880656e-02
2.607431681899302633e-02 2.639423641402878148e-02
2.594267998722505145e-02 2.645578561450497371e-02
2.600184376693602875e-02 2.642733305106461858e-02
2.604435515680540367e-02 2.654678428450943720e-02
2.608419428580566538e-02 2.636332933355505295e-02
2.598358630953695458e-02 2.644980843803891243e-02
2.600533587186750276e-02 2.654770463640540243e-02
2.602957474197015175e-02 2.659019195326021642e-02
2.609241931663874858e-02 2.639997610289401483e-02
2.605387863857938635e-02 2.650734404880791123e-02
2.598623980079697512e-02 2.641368908248674374e-02
2.599032648156305095e-02 2.645116949721036323e-02
2.597386878754944992e-02 2.641984167539610309e-02
2.609829085861349943e-02 2.646648883953833797e-02
2.614033332608989638e-02 2.644345908985804364e-02
2.611800648523637802e-02 2.648370954031816285e-02
2.602950451192543799e-02 2.648314384315798506e-02
2.604720438547526370e-02 2.649365898320748397e-02
2.611415963010402241e-02 2.641692742385338272e-02
2.600445912774051668e-02 2.649635723701063497e-02
2.608810992754562186e-02 2.667191946929317950e-02
2.612193924603086262e-02 2.646733691532443533e-02
2.596429586261070344e-02 2.653936598473627742e-02
2.606000237615872794e-02 2.635549472653806596e-02
2.599474321143091862e-02 2.632041116370237299e-02
2.604278815822969398e-02 2.644940277185568733e-02
2.596837725236289182e-02 2.651973856720540174e-02
2.608854126912617255e-02 2.654392924950046279e-02
2.603080055392086034e-02 2.643337554744107018e-02
2.608506476967255294e-02 2.648760023718827600e-02
2.606579025494809576e-02 2.648781241212376861e-02
2.607116569305728548e-02 2.657377255675398217e-02
2.608473960794105082e-02 2.651642951574268922e-02
2.609333674801175493e-02 2.636844488887028423e-02
2.601221222602884131e-02 2.654383628289593358e-02
2.611614228882280786e-02 2.649570884557277822e-02
2.596824783323558802e-02 2.638880329342997710e-02
2.603531125534072274e-02 2.636958190006609068e-02
2.605530147193504606e-02 2.636343381290028043e-02
2.602432804689365844e-02 2.645053319173295420e-02
2.601513205872415038e-02 2.649556871794576940e-02
2.602515458262416592e-02 2.653642009318851747e-02
2.605383733616290290e-02 2.651581138072474364e-02
2.597759200568852331e-02 2.638451198331744421e-02
2.600816259336220446e-02 2.645647598017982285e-02
2.598867338935349769e-02 2.650109069197526673e-02
2.585954339010490544e-02 2.654398707219162226e-02
2.603868582246031058e-02 2.643741113687022790e-02
2.602753433428769622e-02 2.656894213565070759e-02
2.608946625309912712e-02 2.640255069353136808e-02
2.601347701928098666e-02 2.659544185103546524e-02
2.611099588102072655e-02 2.655525834835250135e-02
2.605039551990559130e-02 2.649454827683801056e-02
2.598766585480897714e-02 2.648959090097638067e-02
2.606839582919713919e-02 2.652171748871107529e-02
2.609186000518090923e-02 2.644673198119481747e-02
2.608002056664075405e-02 2.660732244330138788e-02
2.609572350983445713e-02 2.645586818248105501e-02
2.605434199647369345e-02 2.647590666077627095e-02
2.610452073885743615e-02 2.638881216541841615e-02
2.620819928850852062e-02 2.648612195538295119e-02
2.604931603289222311e-02 2.648037073478921866e-02
2.616850674399942220e-02 2.646035630429236646e-02
2.611530389687441098e-02 2.651460616737409334e-02
2.608226225539948470e-02 2.645953947839624343e-02
2.604417899268474113e-02 2.652870552869278364e-02
2.603648937678011699e-02 2.644240247169230354e-02
2.622225074689205071e-02 2.653597949499042138e-02
2.612141578564464509e-02 2.664872396460461410e-02
2.604402574107626822e-02 2.647075036111304000e-02
2.607128123427573593e-02 2.635941858749027769e-02
2.594181817230631001e-02 2.654591112641437045e-02
2.610791858381145136e-02 2.653985654791660848e-02
2.607038006266095345e-02 2.639920002673069865e-02
2.606420196496834693e-02 2.659491934453935696e-02
2.600685480243243239e-02 2.655576422188320185e-02
2.592967558159710306e-02 2.643978659706736414e-02
2.608923329784340259e-02 2.633522619583801919e-02
2.606788263826114241e-02 2.650822587367135039e-02
2.607494457719493688e-02 2.653963608892372442e-02
2.609151960195532985e-02 2.650733114014722919e-02
2.606911263695961545e-02 2.643209218089735690e-02
2.599957923122397929e-02 2.644601233890280650e-02
2.600607121466424684e-02 2.641670126178347067e-02
2.607124072763005937e-02 2.649275578151916513e-02
2.593836352612681473e-02 2.653499208992331215e-02
2.606607540943985460e-02 2.634651014824698073e-02
2.598838657579795666e-02 2.658205026687143410e-02
2.603619748365820427e-02 2.644721571261959489e-02
2.606020105654768826e-02 2.656905173089517055e-02
2.601002137102903511e-02 2.663324755475976816e-02
2.608674263815095526e-02 2.658579331515307717e-02
2.619081518818216006e-02 2.651688989925756954e-02
2.618615396008124041e-02 2.643086169569571625e-02
2.604334634184416256e-02 2.656203022629470903e-02
2.606190520799687646e-02 2.660266779428394762e-02
2.600492462653132206e-02 2.641110178801229016e-02
2.601106134859837785e-02 2.647003571712315886e-02
2.605058493419194418e-02 2.648090963748461410e-02
2.595578579243309689e-02 2.656031780470001144e-02
2.610363932683659391e-02 2.641377558111818874e-02
2.594134695566075247e-02 2.663436330306543851e-02
2.595079247824077714e-02 2.645942758995290314e-02
2.600062418815443296e-02 2.640539912962426225e-02
2.600215722320612169e-02 2.648255474375051446e-02
2.600558578856971073e-02 2.653113638772132063e-02
2.605309662803874729e-02 2.639196294954307756e-02
2.613524954920009788e-02 2.643539490458450894e-02
2.606088851947900922e-02 2.652572173114914680e-02
2.612770174179049679e-02 2.635962353682182874e-02
2.591761214849059788e-02 2.648963402454619989e-02
2.595876227249403409e-02 2.647533601463179093e-02
2.604698238214627273e-02 2.636387583445745988e-02
2.601862200658209764e-02 2.644188926766096251e-02
2.591389454834063313e-02 2.660248091901804696e-02
2.607377397467910973e-02 2.643112149536230165e-02
2.603947146245616170e-02 2.648222508685964260e-02
2.599746183918598755e-02 2.659270371943233888e-02
2.604166223220284390e-02 2.645616085526041744e-02
2.606843273654816870e-02 2.651092786500370072e-02
2.605107510073116639e-02 2.639966107642136711e-02
2.608716986921917960e-02 2.641724675878810366e-02
2.599067761563930365e-02 2.660180557051298675e-02
2.606791175679484818e-02 2.658385551826686691e-02
2.605107381282722664e-02 2.651808244789670074e-02
2.608729823590569263e-02 2.662074236178240891e-02
2.605064871110346694e-02 2.650334360852155818e-02
2.606065371867552494e-02 2.665914981189849292e-02
2.595311261933719651e-02 2.659011723035297620e-02
2.603685689517465374e-02 2.648875956608149132e-02
2.599027317476911014e-02 2.651016270153131252e-02
2.607256470247184058e-02 2.647925253469827697e-02
2.600863844877336975e-02 2.653376574389300011e-02
2.595478473706082367e-02 2.651359681730340936e-02
2.609277231000864741e-02 2.652643733927217626e-02
2.604323535768741926e-02 2.654976567593646600e-02
2.606168331986281547e-02 2.657554306268292837e-02
2.606474528911088828e-02 2.648169743920436234e-02
2.605541938305945895e-02 2.656953326559156892e-02
2.604495145753092308e-02 2.652199576635637032e-02
2.606449240683409233e-02 2.652383141734966296e-02
2.599422138047191577e-02 2.653325155884254244e-02
2.592262803033115390e-02 2.645582403864417398e-02
2.599659954263827330e-02 2.653238355254174813e-02
2.608026146919005528e-02 2.640214408067635340e-02
2.600279212061673562e-02 2.657016017781827291e-02
2.606949420689335176e-02 2.654418068034679681e-02
2.614344181959839253e-02 2.655681881609110381e-02
2.600581253711271856e-02 2.652643397319506477e-02
2.599335431746747915e-02 2.659452486047536590e-02
2.606826453027999771e-02 2.657566809101734318e-02
2.602227922189603512e-02 2.650138846764508310e-02
2.599918770774148347e-02 2.650314485469561915e-02
2.598185657512246116e-02 2.652920341751352148e-02
2.604355863229629309e-02 2.660488181016516449e-02
2.602144742871421654e-02 2.637405512198883611e-02
2.598055362858796291e-02 2.643637660275871895e-02
2.597619608502380398e-02 2.646360661708566792e-02
2.609386724738882446e-02 2.654225440298609018e-02
2.606328382968095547e-02 2.641562485932586260e-02
2.601827090497715878e-02 2.658151992749892278e-02
2.602376292550045642e-02 2.646889650596324570e-02
2.607327558763177303e-02 2.660809776608937666e-02
2.601547813963868069e-02 2.655003013079004076e-02
2.597679804230219533e-02 2.644200307575521672e-02
2.607981949499935115e-02 2.668077289100589250e-02
2.599127936383820517e-02 2.670834210808777781e-02
2.602334504663951845e-02 2.655308615391875626e-02
2.594859221464390631e-02 2.649662875363734127e-02
2.607245870366865781e-02 2.644609888665100730e-02
2.614642674384664786e-02 2.651555637288100301e-02
2.595462239366278304e-02 2.654560193067734275e-02
2.595523623704720437e-02 2.634602472817890520e-02
2.601308152244311347e-02 2.645072304489424347e-02
2.599862161577389322e-02 2.654371062486225730e-02
2.601244344563638164e-02 2.650306754514641233e-02
2.610532099916634471e-02 2.649716514732594272e-02
2.600619514451580142e-02 2.648036927319845357e-02
2.597152380074018926e-02 2.648342386991736977e-02
2.599811706187611302e-02 2.649471652535532670e-02
2.601346150200989360e-02 2.649543925624216895e-02
2.595941958956168860e-02 2.638886683087992777e-02
2.600852963301826179e-02 2.638080761412124609e-02
2.592458110224920773e-02 2.643060048612485766e-02
2.591191675852462864e-02 2.661905830053960115e-02
2.599899058838143692e-02 2.653121178326112856e-02
2.612568812244826788e-02 2.654162028603419821e-02
2.605598301772577355e-02 2.652684516738784692e-02
2.606885995385247248e-02 2.660000893290625709e-02
2.603104609977324388e-02 2.644132055620337582e-02
2.606721382535040488e-02 2.640465202524174687e-02
2.607080126287356081e-02 2.632103290639154977e-02
2.600836729241691805e-02 2.662178426120000510e-02
2.604104829924661080e-02 2.660863125509431090e-02
2.607610108259980630e-02 2.643351819392734600e-02
2.600381988189699387e-02 2.655160400119374944e-02
2.603165476001674875e-02 2.660974197360384610e-02
2.593721575418728512e-02 2.638792728688445222e-02
2.607490445357673117e-02 2.648294185698992637e-02
2.595881828741820538e-02 2.645982906062544285e-02
2.610683158241177207e-02 2.661767154197587290e-02
2.605565762111662284e-02 2.660332161667932488e-02
2.607565038824187845e-02 2.656539094909185147e-02
2.598470227280616496e-02 2.656288879572480527e-02
2.605317271785312361e-02 2.642825143006550040e-02
2.609875423397827951e-02 2.655652805896977983e-02
2.605058691900512605e-02 2.656742820912472505e-02
2.605523214715113611e-02 2.656993623526456016e-02
2.606632550506304824e-02 2.662354883841847389e-02
2.612612770205382726e-02 2.656007778350039095e-02
2.605807819446357906e-02 2.645036751007642101e-02
2.602965241882466627e-02 2.653302413317258635e-02
2.600507608531079165e-02 2.646748907438459947e-02
2.591904086170106203e-02 2.633985204504711575e-02
2.599912873261426768e-02 2.670387165451833938e-02
2.597538595879338510e-02 2.655620138282908591e-02
2.597998367374022496e-02 2.657580534710007880e-02
2.609016010229271709e-02 2.652027339105006778e-02
2.611287316966166491e-02 2.666566109444575353e-02
2.599249702138226037e-02 2.648052082273203572e-02
2.605622078852780008e-02 2.648320416110396328e-02
2.603857394059267902e-02 2.643430299183517629e-02
2.605740859601171633e-02 2.645709235304921636e-02
2.591496192620232342e-02 2.650090985971752244e-02
2.601586828625614134e-02 2.643677027275325928e-02
2.600925005014228727e-02 2.647189715008098007e-02
2.608996665603711615e-02 2.654760474135537882e-02
2.605333926878275475e-02 2.655410457788173056e-02
2.591100914340133468e-02 2.658015241214449834e-02
2.604443096427189533e-02 2.642449513218697241e-02
2.606096418518829769e-02 2.649773893195233113e-02
2.600876407759095468e-02 2.659201580591419312e-02
2.599826339262316030e-02 2.660711809931793834e-02
2.596707178784587663e-02 2.656838968826876618e-02
2.603410039584106925e-02 2.653952527652388843e-02
2.606318756958195260e-02 2.635963271901616001e-02
2.610285126459886348e-02 2.639126270589670781e-02
2.600727145532852336e-02 2.659198997649775756e-02
2.602929071991444063e-02 2.653028691541498355e-02
2.599304397075185083e-02 2.651766796403321955e-02
2.604172456856488835e-02 2.651420072000818667e-02
2.606181554868385042e-02 2.653063187018918356e-02
2.604645201515255748e-02 2.638992208359886363e-02
2.602740757525999482e-02 2.660170987070722623e-02
2.611662863252868158e-02 2.659514574705174744e-02
2.617501954376602949e-02 2.646557213888190568e-02
2.598078148426579900e-02 2.655902017302128396e-02
2.595953021392828283e-02 2.657496544673322234e-02
2.599668357430129709e-02 2.648316905124644891e-02
2.601018839189703225e-02 2.649330468689205589e-02
2.610871585513712193e-02 2.657436219702659363e-02
2.604632382439428170e-02 2.652243256608407401e-02
2.608902562711842496e-02 2.663057118797020756e-02
2.592161763209681682e-02 2.672947405925632861e-02
2.608732433786009261e-02 2.651549660714062201e-02
2.597206102668691771e-02 2.656253829712116460e-02
2.606157654364681456e-02 2.649437653915014124e-02
2.595535568498537338e-02 2.660127644574770273e-02
2.597954240751448526e-02 2.637549110806134550e-02
2.600865050992295924e-02 2.654317595806194446e-02
2.598988490460514209e-02 2.644754281734014098e-02
2.597150633383351823e-02 2.644166722216478166e-02
2.599045422139827088e-02 2.653559941657182217e-02
2.603851046975973194e-02 2.658316356827509011e-02
2.604771123349121364e-02 2.640231649259309338e-02
2.595408212667778269e-02 2.653424318027365267e-02
2.605169951971229511e-02 2.662275804341533714e-02
2.595479408719250994e-02 2.634863545829645506e-02
2.593047072038838496e-02 2.648482265288470625e-02
2.590857298050329438e-02 2.647964079818423619e-02
2.590544558578664405e-02 2.642874723620700431e-02
2.604542408389197775e-02 2.644084003390303333e-02
2.591913703215915910e-02 2.655648602013805162e-02
2.597495362198222468e-02 2.654015839191893947e-02
2.596457383338214922e-02 2.637506005557606684e-02
2.606169246218109983e-02 2.643467562688702616e-02
2.600342505405980886e-02 2.647156251035530025e-02
2.604792050800941797e-02 2.654489471337271103e-02
2.609090130022416812e-02 2.649446481048038649e-02
2.597417519046875400e-02 2.662737676481794283e-02
2.607938059538034495e-02 2.636959801847933368e-02
2.604895979219500404e-02 2.645597639043693189e-02
2.595540724409358888e-02 2.631657021939887500e-02
2.610282608730460016e-02 2.668161245252097247e-02
2.612574065121211001e-02 2.639640716463066000e-02
2.602751146325006301e-02 2.651143644031024940e-02
2.599166092939800277e-02 2.646507254878931875e-02
2.608496872181921902e-02 2.654934345741021690e-02
2.595905327200199661e-02 2.651084683443870327e-02
2.600310755383337599e-02 2.659297992288105553e-02
2.601317810678313927e-02 2.652673588958511658e-02
2.600619746492180764e-02 2.648834891414686421e-02
2.606608879935677983e-02 2.640933271626552323e-02
2.598726040810282745e-02 2.653827620409563229e-02
2.591496941494401615e-02 2.648583184477809604e-02
2.604654124127149181e-02 2.635854223588218401e-02
2.608435484885437972e-02 2.651019463810971866e-02
2.604258009615139161e-02 2.636211078636199051e-02
2.599647931283665878e-02 2.651095853100704156e-02
2.602158087073834156e-02 2.643703899780534133e-02
2.590247621525077967e-02 2.651851005750516591e-02
2.602631065816474534e-02 2.630665575701828310e-02
2.607004173176081033e-02 2.657712350966483922e-02
2.598589889770941061e-02 2.635417839573640439e-02
2.603794513820949230e-02 2.653513284667962518e-02
2.599584541578195754e-02 2.646493274343468885e-02
2.607004156476060500e-02 2.636546997770560993e-02
2.598114746887767237e-02 2.646883538427556928e-02
2.609440118330623795e-02 2.649522340233300202e-02
2.610705309647211661e-02 2.659251119240977138e-02
2.601653819136117915e-02 2.650341211703534025e-02
2.604761242147489789e-02 2.647715893467079279e-02
2.609126022098098852e-02 2.661181911708777881e-02
2.598773804056897854e-02 2.658298460587505199e-02
2.598562408914022182e-02 2.654645945977705465e-02
2.596589531625767208e-02 2.667148968189199040e-02
2.589813543095881299e-02 2.653127160466085474e-02
2.600157171052161834e-02 2.646342745854423500e-02
2.604871309095256951e-02 2.664777998329161471e-02
2.602215039976532238e-02 2.653560595889751725e-02
2.607414434561288949e-02 2.647790363862438309e-02
2.609437642995445297e-02 2.654732369359406527e-02
2.610712967526496522e-02 2.639020644678625668e-02
2.599748090990316660e-02 2.652094228765052714e-02
2.601282480664713834e-02 2.658400095584766490e-02
2.597667455104555809e-02 2.638254319500973194e-02
2.603985000515968498e-02 2.663855427510608900e-02
2.602708589901532935e-02 2.646771857622106511e-02
2.607273446624969182e-02 2.638783011758367297e-02
2.605853828802997055e-02 2.640384191912759429e-02
2.601780931087376361e-02 2.650497729918490156e-02
2.609050574718623991e-02 2.637643813987996383e-02
2.595543621834707840e-02 2.643175077615273622e-02
2.601420003606058282e-02 2.657056067512895622e-02
2.593715006886688004e-02 2.652661042344837961e-02
2.592839558146420656e-02 2.640855957806763354e-02
2.595450937218626505e-02 2.626965967925052811e-02
2.597880286620843013e-02 2.655149862883428996e-02
2.598073415775796480e-02 2.656720813859065819e-02
2.596035143489722197e-02 2.645685967277309689e-02
2.598993647265425769e-02 2.643998333268153186e-02
2.593136782641830215e-02 2.651374850825324175e-02
2.596578702797240623e-02 2.654753138965651113e-02
2.604478970793254813e-02 2.652004812539213857e-02
2.600971228863301413e-02 2.652908024233358031e-02
2.602234953841076406e-02 2.645765959619984439e-02
2.596377271860350264e-02 2.649511294299148126e-02
2.609496326821402271e-02 2.642616703542158968e-02
2.589065822091692060e-02 2.657198185352573766e-02
2.608667767665345458e-02 2.656377888741249041e-02
2.603364624319149181e-02 2.657184735836354283e-02
2.600704261408236587e-02 2.656068015835823595e-02
2.596765788517932730e-02 2.640336183411423968e-02
2.598916948980080702e-02 2.662029205000895557e-02
2.591451389620277879e-02 2.644925202372426856e-02
2.586820620007217186e-02 2.656086096835686555e-02
2.604472811993980771e-02 2.635239795287369277e-02
2.591771265351469969e-02 2.653610243413871000e-02
2.594360097543338753e-02 2.634482147952597192e-02
2.592272683681417708e-02 2.638963274288912142e-02
2.594080247524324992e-02 2.667655789391002938e-02
2.603125822270614328e-02 2.657191046609471904e-02
2.593742736106896887e-02 2.647512071521433349e-02
2.598700238257602158e-02 2.644179479262646210e-02
2.603186254628186980e-02 2.639866684642734607e-02
2.589045490575940175e-02 2.641150875157942737e-02
2.604105520055617976e-02 2.639792280508455186e-02
2.597418319472799206e-02 2.631898470374638421e-02
2.598656048633301088e-02 2.656010147202643099e-02
2.610326920185863930e-02 2.645114795570728886e-02
2.603903491236018997e-02 2.652367686455641554e-02
2.600314864346356739e-02 2.652668698654268506e-02
2.615583858914726986e-02 2.642629365699980179e-02
2.604393178394180317e-02 2.653982457136755402e-02
2.601386921656197171e-02 2.633478445203911791e-02
2.606578473213446920e-02 2.659013566399386075e-02
2.601537825056051204e-02 2.653388564585151474e-02
2.596310863487462373e-02 2.657737566388603673e-02
2.597798584538701938e-02 2.651366776684994583e-02
2.601417815467108041e-02 2.646853583450850186e-02
2.608262595229865824e-02 2.642110957562048695e-02
2.604466690553138009e-02 2.658625419830907763e-02
2.612205906906151301e-02 2.661632024842267366e-02
2.606383636873642676e-02 2.656203952548712166e-02
2.601052380928670082e-02 2.628524909938731793e-02
2.590224763009382758e-02 2.641316788364247298e-02
2.591603760946461013e-02 2.630823902070651699e-02
2.608050024983353879e-02 2.648009441386051099e-02
2.596447109954230434e-02 2.663344037123191108e-02
