6.637683075491983276e-02 5.665530189404473227e-02
5.238976057039734097e-02 4.729206837448188955e-02
4.511023437165862654e-02 4.235942472500280748e-02
4.140849955175660707e-02 3.955919921062732436e-02
3.897416191124776497e-02 3.763346313498860257e-02
3.709386573047002839e-02 3.609582927936250824e-02
3.564936340769394446e-02 3.492263224396919413e-02
3.454182598590599396e-02 3.377873846468344710e-02
3.339210736976053889e-02 3.277849744854891695e-02
3.261038236031863630e-02 3.197824385918365125e-02
3.188936014938157509e-02 3.136259989551519467e-02
3.113982276190977241e-02 3.096967073698146319e-02
3.057801561760711481e-02 3.028253700065463086e-02
3.009044823661529908e-02 2.997309558896080889e-02
2.940399594130619840e-02 2.932790894701857096e-02
2.900346972493297870e-02 2.889738874237191349e-02
2.863585698646030700e-02 2.851330646697313592e-02
2.820154038988084352e-02 2.822722714593589935e-02
2.786436123436604462e-02 2.788727313936577301e-02
2.757846128018302811e-02 2.740399256893833596e-02
2.723506196632548282e-02 2.726350993049312527e-02
2.699025797162949922e-02 2.703505479454866925e-02
2.670732528559042682e-02 2.668573360475301817e-02
2.644931853839378733e-02 2.650783528813546036e-02
2.614053151510357942e-02 2.636208809124499994e-02
2.590984825048078810e-02 2.606292903278056503e-02
2.576743367919008196e-02 2.588402423721847950e-02
2.548187470585586492e-02 2.556673341303474997e-02
2.535566675424792693e-02 2.542968220590790043e-02
2.514887625879547173e-02 2.536597282196794562e-02
2.507284459366257087e-02 2.524488075348227736e-02
2.478747787504876135e-02 2.503061332734385358e-02
2.461412655553950335e-02 2.488148387934458264e-02
2.451573186819934469e-02 2.470589759922210346e-02
2.436773071598380760e-02 2.455391785262426782e-02
2.423878807978237238e-02 2.459234829790213697e-02
2.401791015504793278e-02 2.428692705276894875e-02
2.388197955162760233e-02 2.401751357141020463e-02
2.383812158676258675e-02 2.395635187774924207e-02
2.360053731286820486e-02 2.387868219045388013e-02
2.358832729368939840e-02 2.385797909958480706e-02
2.346404599929241899e-02 2.362790393414365003e-02
2.328176214235741504e-02 2.361704925378866823e-02
2.324201458778918719e-02 2.350279597694350867e-02
2.313462764979580880e-02 2.335000403866125535e-02
2.303571797432811888e-02 2.314698359708476649e-02
2.288504102403529986e-02 2.321234069370430725e-02
2.281275808305792407e-02 2.301595011155360693e-02
2.260722352373393737e-02 2.302185353835939016e-02
2.262990705348978671e-02 2.292989836799870507e-02
2.244243938923872264e-02 2.274294013905508310e-02
2.229466432777776549e-02 2.260331299426005316e-02
2.223706441226045924e-02 2.255034685229131280e-02
2.220121352087595090e-02 2.242909461714230612e-02
2.210823661817250263e-02 2.237740749679642885e-02
2.194714806441649610e-02 2.237115235527501259e-02
2.197247879644149623e-02 2.218813490049019455e-02
2.178098225588670500e-02 2.208374899206742500e-02
2.171667792278130296e-02 2.204385805088102460e-02
2.164970201544992590e-02 2.201110121032972058e-02
2.153327305455328064e-02 2.180412185316955506e-02
2.151605895684047601e-02 2.184078785176731680e-02
2.138335908431640564e-02 2.176540212672779112e-02
2.125604229504828371e-02 2.158217981033596147e-02
2.123845197697282750e-02 2.149956052744790916e-02
2.116170613997416308e-02 2.145550729366593398e-02
2.106162440290796148e-02 2.149059274370616890e-02
2.099323716168429235e-02 2.125871096295410545e-02
2.085263149839809704e-02 2.112119657009840432e-02
2.081511100024780250e-02 2.106995001490643074e-02
2.073197709836760785e-02 2.104018601645063144e-02
2.070190066035586252e-02 2.098669142960444406e-02
2.059043907983109864e-02 2.103528554104903969e-02
2.060445310636855112e-02 2.084488646833162345e-02
2.041576701767322879e-02 2.069497763380770752e-02
2.038000172335873231e-02 2.074348299053758310e-02
2.035714178621553933e-02 2.078853376071987391e-02
2.031409250772583594e-02 2.062867992058210406e-02
2.021816093339688300e-02 2.053620210275076963e-02
2.016997598843164527e-02 2.038308527241492960e-02
2.005108078780879974e-02 2.044142788559032836e-02
2.000921434762816323e-02 2.036342543751300249e-02
2.005984480192974165e-02 2.033070782684921057e-02
1.984698990717654807e-02 2.012203377177516558e-02
1.978560419885370611e-02 2.015108849816019468e-02
1.982865597591137660e-02 2.007428540714502677e-02
1.959894274306732062e-02 2.001090283121093397e-02
1.974242504743753401e-02 1.994201970840573518e-02
1.962585290195073898e-02 1.986744917546935663e-02
1.959127610988044277e-02 1.982365272947395757e-02
1.955930001597244380e-02 1.987215969674046082e-02
1.946668386478129023e-02 1.982482783988676056e-02
1.945644457420845838e-02 1.972648466434014786e-02
1.938902736213277134e-02 1.974357639984680030e-02
1.941751049259799605e-02 1.951303139522968244e-02
1.913338728885145487e-02 1.946025893888723296e-02
1.914697242016662193e-02 1.951663172036429209e-02
1.909050502898705995e-02 1.950707382816039420e-02
1.912979537579441100e-02 1.947355361300309035e-02
1.903097075121401929e-02 1.949200339404616109e-02
1.902005254510807583e-02 1.930339551873910126e-02
1.900720931291203716e-02 1.935525696721557623e-02
1.897047213713803568e-02 1.921518551363778082e-02
1.894356191598392178e-02 1.918829030789903634e-02
1.892417069532510362e-02 1.923786986136904673e-02
1.887799822080144310e-02 1.924406021682748685e-02
1.883529057382769475e-02 1.925099183057534316e-02
1.877954175991366007e-02 1.906724976008650901e-02
1.872316431818229349e-02 1.916661331407680524e-02
1.873966503075173012e-02 1.905690616030197154e-02
1.859269050810815130e-02 1.898546573249360742e-02
1.871399000585794239e-02 1.892123525348116467e-02
1.857134827517690698e-02 1.889366038584172625e-02
1.854260984233525519e-02 1.896440952697468069e-02
1.844745939361564988e-02 1.892083970270560384e-02
1.845509122550352543e-02 1.881728061302965008e-02
1.849960129604798914e-02 1.879804610088397360e-02
1.853074065284841809e-02 1.873963292482593371e-02
1.843580942635687780e-02 1.876678089260137502e-02
1.834801807474239002e-02 1.876020662389096469e-02
1.830082032902238462e-02 1.862820146193546259e-02
1.830444989379543738e-02 1.857315964420881357e-02
1.822917376611353849e-02 1.871703768945407950e-02
1.823850770839125293e-02 1.849993459227615433e-02
1.821768188299098187e-02 1.854302515261168835e-02
1.815952971923872131e-02 1.854714157664068622e-02
1.814122835552208976e-02 1.846920800915173924e-02
1.810672467696631746e-02 1.850974707556429094e-02
1.810868459139036366e-02 1.846271346470452351e-02
1.805116414946389067e-02 1.839550703390022829e-02
1.803920303792668975e-02 1.847029954844011529e-02
1.803840369830278165e-02 1.834161387165417906e-02
1.806269151593128258e-02 1.832232866584769179e-02
1.803761140165887830e-02 1.841792569174235256e-02
1.802883503277637536e-02 1.821467233825680224e-02
1.793209012898134766e-02 1.823256405887777737e-02
1.791968797970223612e-02 1.826374248321107827e-02
1.794965188066901390e-02 1.817806241681240581e-02
1.788829722157183125e-02 1.819082705779851220e-02
1.780942647973833212e-02 1.826706365927359757e-02
1.788566201888370025e-02 1.814234849318812487e-02
1.776540157363148617e-02 1.814248317511159281e-02
1.777624705976638478e-02 1.816543500032422390e-02
1.778528641019428216e-02 1.809401841208831477e-02
1.774406242466052344e-02 1.807923773041253401e-02
1.764969864512018830e-02 1.797866480279076279e-02
1.777698258616545318e-02 1.803727357735046555e-02
1.768822484663431713e-02 1.801707237581102322e-02
1.768735503599195083e-02 1.819504961433067447e-02
1.764150419967693353e-02 1.794260975159013213e-02
1.762735113563505818e-02 1.793770824297849856e-02
1.756470979387389150e-02 1.785136490559722719e-02
1.744525091220889765e-02 1.779816246999809184e-02
1.753587788882882137e-02 1.781439023410178943e-02
1.753929840860691050e-02 1.776005009959700370e-02
1.740515934468858314e-02 1.781977542012743582e-02
1.743749564069818278e-02 1.784257196524832376e-02
1.742588314014662312e-02 1.768201990485220379e-02
1.739212092054106401e-02 1.765328995278604360e-02
1.739985425861926421e-02 1.786272304664782498e-02
1.737592330776064481e-02 1.774084309414172486e-02
1.731838745131123944e-02 1.764099303195608426e-02
1.734552301458771109e-02 1.756038447155087306e-02
1.725780723509314288e-02 1.751511136186762602e-02
1.724845469626362301e-02 1.759789151816207667e-02
1.728087531027692678e-02 1.750683280668235628e-02
1.725061206868805028e-02 1.749233339819642255e-02
1.725748095979090166e-02 1.755522965704952795e-02
1.718646353437140728e-02 1.751022608168407643e-02
1.714464076355421904e-02 1.739232861137939012e-02
1.707945657655517840e-02 1.761208746667749028e-02
1.713773560787964709e-02 1.751759304893308472e-02
1.707659630617726354e-02 1.749148297277046404e-02
1.706775458038919252e-02 1.748541861550227672e-02
1.706607470738275706e-02 1.732793896674187165e-02
1.711794608981280844e-02 1.746331444713231790e-02
1.705499507383246433e-02 1.729371289209426579e-02
1.702810842094631613e-02 1.742524413298245783e-02
1.700281239194727581e-02 1.737648000276261276e-02
1.691423404756435891e-02 1.735375830502109556e-02
1.699832654921715550e-02 1.734507542511528125e-02
1.694491831723727790e-02 1.749698196120432273e-02
1.693140103181890385e-02 1.728702751875477173e-02
1.690056059504143823e-02 1.724034889337661483e-02
1.691572932165800666e-02 1.716855166951757744e-02
1.686756923711739756e-02 1.722473163412957878e-02
1.691971376598843876e-02 1.720466366339176018e-02
1.680742073208315798e-02 1.736786938136007999e-02
1.687414796909940395e-02 1.707274474564985864e-02
1.681763444082213718e-02 1.716407395643370151e-02
1.683830788310733406e-02 1.724014702581562822e-02
1.679149661515634551e-02 1.726049560716638037e-02
1.667344915381261533e-02 1.712021743527585363e-02
1.674778847954983690e-02 1.718724289405330202e-02
1.669370978846868372e-02 1.708238141487038522e-02
1.669395551566970823e-02 1.709732939536255658e-02
1.669956560469858589e-02 1.699491864501963614e-02
1.669513256877876509e-02 1.692564239665375267e-02
1.675043565667224538e-02 1.702490281369328090e-02
1.663757055940000631e-02 1.698318449404443917e-02
1.657701327922706663e-02 1.702766383090667870e-02
1.661639910850963922e-02 1.689668491612881032e-02
1.661518239698533614e-02 1.702971051463206958e-02
1.661386816258805452e-02 1.699271337749734198e-02
1.644594386404458000e-02 1.686132650010991121e-02
1.660109324490530516e-02 1.694718347961022067e-02
1.647876181881923266e-02 1.682667599541625564e-02
1.648402942099554125e-02 1.694461500861834530e-02
1.647071115948122236e-02 1.688727801861006003e-02
1.645259523269233110e-02 1.691492148586240876e-02
1.651021235094178585e-02 1.688153935641585265e-02
1.645760632260344705e-02 1.681553338342731824e-02
1.649959237286440991e-02 1.678371742465687572e-02
1.644614015395367071e-02 1.686862288388052758e-02
1.644636011905130715e-02 1.682954355666273563e-02
1.637851881203951365e-02 1.677284090033803049e-02
1.641880257390839967e-02 1.667764067650675738e-02
1.631519216566664973e-02 1.691596994288656688e-02
1.640774484379987561e-02 1.679201723903862853e-02
1.635117295157509365e-02 1.669952948335104784e-02
1.631760839611911054e-02 1.672744170945857783e-02
1.632246989842579474e-02 1.672191037773379171e-02
1.639333915638238950e-02 1.667072659699695911e-02
1.630368727408076576e-02 1.666007160509760596e-02
1.630303314394666164e-02 1.662638952571091067e-02
1.623156732052744369e-02 1.667307309272744037e-02
1.624282362696353316e-02 1.659893174832441712e-02
1.634892562276070091e-02 1.656262765260288136e-02
1.624151115706685619e-02 1.657770799789548902e-02
1.630031267770271769e-02 1.670179514056321229e-02
1.622795139334941988e-02 1.665293200801216955e-02
1.621689093243052632e-02 1.663827563089814027e-02
1.623563462353947232e-02 1.649775704550757865e-02
1.630050188364414246e-02 1.659170215629595171e-02
1.617667277742962720e-02 1.659343182904276723e-02
1.610885843852737087e-02 1.643442331431206951e-02
1.613410897528192237e-02 1.652061781370458768e-02
1.614430220291718232e-02 1.639754421109689345e-02
1.603389634079450260e-02 1.650435670800650192e-02
1.607946169769805186e-02 1.642421811475145571e-02
1.606278218142171213e-02 1.647764014964541932e-02
1.608298270849282605e-02 1.635112128681044316e-02
1.602481260475466587e-02 1.640043412075952584e-02
1.602132746067708863e-02 1.640064259343870443e-02
1.606834552331338692e-02 1.641664112950788970e-02
1.599446849773429949e-02 1.630597768414938920e-02
1.598157777061188708e-02 1.632127749181813345e-02
1.597364832577335622e-02 1.626311783699162933e-02
1.599560015257548221e-02 1.633080895177298902e-02
1.592484994483809105e-02 1.639673495768741163e-02
1.598591951347643966e-02 1.637006222473716063e-02
1.594286078055636574e-02 1.640342654267479966e-02
1.591000432305229861e-02 1.632469428275458087e-02
1.590699276247869651e-02 1.631170949794152544e-02
1.592413397691688770e-02 1.633868022788395255e-02
1.591428852473179487e-02 1.619233674814809024e-02
1.595146491474590256e-02 1.631979899385077939e-02
1.587048576074357592e-02 1.631533262733273620e-02
1.586283243353135350e-02 1.606005681825491485e-02
1.584744666844568536e-02 1.621791663187775040e-02
1.584429833759834136e-02 1.610661775109912749e-02
1.583145357046856355e-02 1.614683015947382047e-02
1.578574269418188750e-02 1.618763694227427080e-02
1.581485960431177479e-02 1.628487033529787270e-02
1.579549337412637991e-02 1.618877911704889525e-02
1.579564608717535720e-02 1.613430183933577816e-02
1.577587377488432266e-02 1.608494638734879120e-02
1.583368092910336991e-02 1.619831940299821041e-02
1.575891720834613277e-02 1.610024514977832777e-02
1.582113643216579227e-02 1.618219852257239688e-02
1.576505854237974721e-02 1.614466999093951832e-02
1.574164036635057259e-02 1.605116520501726277e-02
1.581481758198760579e-02 1.603707933395517177e-02
1.570537922880966067e-02 1.609054494473222824e-02
1.567799523128767317e-02 1.613963670685414700e-02
1.568049116891848810e-02 1.620266529721493820e-02
1.573404993966599080e-02 1.595420573341217729e-02
1.567511788249289009e-02 1.612449022506057608e-02
1.571702880086614865e-02 1.614243790561671610e-02
1.573555710841437888e-02 1.614080270918295812e-02
1.574182868362311929e-02 1.602279803576998896e-02
1.570252011652611621e-02 1.605619520216357635e-02
1.567731012976093796e-02 1.618955064122350532e-02
1.563973934270412175e-02 1.601324472634385945e-02
1.558654648637506496e-02 1.604050731980464703e-02
1.560836184491772201e-02 1.599196310539044083e-02
1.559878505800938592e-02 1.587905736743652416e-02
1.560613791979242708e-02 1.603733218647512490e-02
1.564261300161368454e-02 1.600253124520197717e-02
1.557985799692737650e-02 1.605929578181193931e-02
1.566842940772139939e-02 1.593348643032765216e-02
1.557387647080064191e-02 1.594532593047613689e-02
1.556291773568782566e-02 1.591319111648825668e-02
1.554302773294182621e-02 1.596103626831357411e-02
1.557932260146006366e-02 1.594389388574863134e-02
1.553969280685380677e-02 1.603649024647868862e-02
1.548825090481205889e-02 1.601083514798551724e-02
1.552615114734053753e-02 1.597122206987241708e-02
1.553827360356597326e-02 1.597461102486219531e-02
1.550768079885669719e-02 1.592488185726748801e-02
1.554651787710611965e-02 1.594633097799188354e-02
1.548569247015164387e-02 1.587633735993001019e-02
1.559039187366367298e-02 1.590236945001730420e-02
1.545697956882378238e-02 1.580610319114634024e-02
1.548503374976151377e-02 1.569767324132876479e-02
1.547332852201725208e-02 1.585777816162252732e-02
1.550821849368880928e-02 1.580149959441558977e-02
1.541779495927215506e-02 1.575433136972749157e-02
1.543739424371070972e-02 1.582835217779468909e-02
1.545785409819017998e-02 1.582216788491843870e-02
1.545036337983206158e-02 1.576135671290344875e-02
1.538826399522495204e-02 1.576231457449543336e-02
1.539959780878998041e-02 1.589058144887156229e-02
1.542234499475353925e-02 1.573250785485093631e-02
1.533256707180981164e-02 1.577015992149112186e-02
1.530106504282673953e-02 1.573832832863337680e-02
1.535053301635983490e-02 1.577474968951219150e-02
1.541012119087940661e-02 1.584721348877790592e-02
1.538600183270914974e-02 1.573333536038553498e-02
1.530330616045988933e-02 1.575490140417695750e-02
1.537065381883808389e-02 1.589421532867317174e-02
1.535673552886013260e-02 1.573683295441646174e-02
1.528776208531881266e-02 1.575578856991179111e-02
1.532201597390925839e-02 1.575167722565056980e-02
1.535698326968972828e-02 1.565857200922620915e-02
1.534005209601245652e-02 1.575477819202874413e-02
1.531832231487024500e-02 1.567590132377952652e-02
1.528209812038238552e-02 1.567399977118666063e-02
1.531531296914094564e-02 1.580482664424615394e-02
1.523229125393921884e-02 1.573793323109289391e-02
1.528532905882626532e-02 1.575210381730205930e-02
1.519300296477140572e-02 1.570628932813357762e-02
1.519565544104316962e-02 1.558314048139789951e-02
1.523215375063648874e-02 1.567577458782818192e-02
1.515303220337570721e-02 1.560894700652104387e-02
1.522280642530376114e-02 1.561327637983872703e-02
1.517758703248644168e-02 1.558802921284169717e-02
1.515862259644566896e-02 1.561947632070037964e-02
1.512845602501452537e-02 1.561367464888757314e-02
1.520731291018700103e-02 1.558482437855356756e-02
1.517950138574682660e-02 1.562962935113649046e-02
1.513729140636480702e-02 1.547383404089406125e-02
1.511140987494169995e-02 1.563495463131700167e-02
1.519257896343969953e-02 1.554029375932498153e-02
1.515679450124983278e-02 1.551625068362310310e-02
1.515242677156576796e-02 1.548951847011651069e-02
1.513808971032178617e-02 1.561232873232901337e-02
1.513959122365312986e-02 1.552137425657161042e-02
1.507799480385750568e-02 1.547864886051247488e-02
1.501333140450450410e-02 1.545239646112678278e-02
1.511489116661945444e-02 1.550602176341422424e-02
1.505036885695914921e-02 1.545924670541126873e-02
1.505716441535983989e-02 1.555048583693491651e-02
1.516538546048598786e-02 1.543865208082081421e-02
1.499846565373760821e-02 1.536123029403259517e-02
1.506124327810663861e-02 1.555627950397941127e-02
1.507199585048264734e-02 1.548562929314814367e-02
1.501620668015713617e-02 1.543001927933372076e-02
1.502133620308958480e-02 1.555399328555621442e-02
1.494705142715104657e-02 1.535265520296894004e-02
1.503201787449788725e-02 1.536725208380338055e-02
1.503620702706967571e-02 1.554278942958847026e-02
1.504970881082121244e-02 1.542783596029168730e-02
1.497668721393415753e-02 1.537084135493170176e-02
1.498687972466615503e-02 1.546786991505467827e-02
1.501284086124685287e-02 1.540251079480958740e-02
1.512087508053588762e-02 1.541593505722523363e-02
1.493036708894113218e-02 1.536397406908427375e-02
1.496250135344279891e-02 1.552528202601174967e-02
1.496657902688344234e-02 1.544659477935161895e-02
1.493142385424628578e-02 1.537858019676546263e-02
1.505467235690815912e-02 1.532678096325114543e-02
1.494494479788202775e-02 1.541146632873843444e-02
1.489606911610814009e-02 1.542628382748484871e-02
1.497125103664024605e-02 1.534418496361263790e-02
1.491874902549099845e-02 1.531905534092706765e-02
1.495642421374923474e-02 1.525497362263871122e-02
1.493482690216044184e-02 1.538881980563348330e-02
1.493870074486047111e-02 1.537975218658832466e-02
1.491334622293311214e-02 1.532916043207147895e-02
1.483213031250959872e-02 1.539393905587483659e-02
1.495384785377588954e-02 1.531784422929665344e-02
1.493842400853275139e-02 1.537271834055413573e-02
1.484487733851355511e-02 1.539118080757356267e-02
1.485919222900043170e-02 1.529201984500149110e-02
1.486841802055129634e-02 1.535476765158535345e-02
1.489750172218451928e-02 1.537126042386782049e-02
1.492783183851412870e-02 1.534801493755670945e-02
1.490272141171286591e-02 1.527645215195470169e-02
1.484546715723420590e-02 1.524972792885026691e-02
1.485001282747209876e-02 1.532900991449317324e-02
1.484834916964588962e-02 1.533486875058938728e-02
1.479349297048337779e-02 1.527550447854686411e-02
1.479686211284410996e-02 1.537066801512333367e-02
1.487232532031588367e-02 1.533924783265288097e-02
1.492521094678270904e-02 1.527764329696598526e-02
1.478849795857417083e-02 1.526963845077521607e-02
1.477030165419952745e-02 1.531206518846459259e-02
1.477902394261794428e-02 1.532619904675276354e-02
1.489729297244667128e-02 1.530219654196673593e-02
1.479085364328551477e-02 1.519501091568397320e-02
1.477940054057500473e-02 1.524656979505829152e-02
1.480514660925346532e-02 1.526588261174757592e-02
1.476612272231606245e-02 1.526725588376486552e-02
1.486255066487247173e-02 1.526734972495106223e-02
1.474315666449744523e-02 1.510015248524820657e-02
1.469296568470230928e-02 1.513531475199522518e-02
1.481184490933247673e-02 1.516373916078812660e-02
1.476732813696721852e-02 1.514323019699853091e-02
1.479369212621360445e-02 1.523755449613828014e-02
1.468500083365559782e-02 1.512674370588339666e-02
1.470941217773450403e-02 1.510568216874115348e-02
1.471895703945739868e-02 1.513408124271043050e-02
1.470811273079128227e-02 1.512281471854273231e-02
1.466292016800027805e-02 1.513170657046638071e-02
1.469521672051533195e-02 1.512158775276069810e-02
1.465722997916837217e-02 1.503498442060331210e-02
1.469869153993106498e-02 1.510315917142229618e-02
1.476066862057609334e-02 1.512578452026336166e-02
1.465746018733563201e-02 1.512263332818086434e-02
1.460305028353695023e-02 1.515099524369917759e-02
1.467712114929732060e-02 1.522644527671696869e-02
1.471855281298948930e-02 1.509722151939737675e-02
1.465598906054019039e-02 1.518893886845564152e-02
1.466947176700177623e-02 1.502760739149128569e-02
1.459274074781079060e-02 1.505431804120234245e-02
1.461059191610344053e-02 1.496606970592821370e-02
1.458483593049686271e-02 1.512017591801935977e-02
1.460955649628801860e-02 1.506636363788619454e-02
1.469976063541919044e-02 1.496739862865622585e-02
1.458746676313386718e-02 1.506447010159163609e-02
1.464577198009212912e-02 1.505419051371500484e-02
1.457525411214898904e-02 1.502366940541657696e-02
1.458893709575295045e-02 1.503015744745110453e-02
1.469628737422746211e-02 1.504603333680909830e-02
1.465692951983601534e-02 1.507379176885150461e-02
1.467888452570031456e-02 1.508854936406463752e-02
1.453439241904501238e-02 1.513387223058914113e-02
1.465914014492784335e-02 1.501336400378198120e-02
1.456906556319404432e-02 1.500490632086980483e-02
1.456885678958684711e-02 1.511942100144463702e-02
1.456067513314422690e-02 1.503305814252808154e-02
1.451555480935843266e-02 1.513465559340781280e-02
1.450746292708004342e-02 1.501269850875647932e-02
1.453466475220293978e-02 1.497365872474668708e-02
1.448265219662334645e-02 1.497171438065032952e-02
1.454884395630652756e-02 1.498670779887687453e-02
1.454082772868745856e-02 1.500740204267616250e-02
1.452273868898835453e-02 1.519411557871994806e-02
1.457090768402288967e-02 1.493235383084750081e-02
1.459865443616530957e-02 1.501802680051570957e-02
1.456570960039579692e-02 1.503322190961122948e-02
1.453931840040812752e-02 1.502445282301861050e-02
1.448052763806253161e-02 1.495550060846121201e-02
1.451649645083451408e-02 1.500603268075972364e-02
1.448658772508557013e-02 1.496376100798773798e-02
1.446497278538270113e-02 1.481028092896275600e-02
1.448947605658592284e-02 1.496762827398270997e-02
1.451491101754466377e-02 1.494773794516784417e-02
1.445290454274343085e-02 1.498798246970711213e-02
1.448932878960866762e-02 1.502476944123388135e-02
1.447496601470700701e-02 1.478265827245591087e-02
1.447608426162637352e-02 1.499027880230949759e-02
1.447506801705905448e-02 1.490095334201120038e-02
1.435891367915112342e-02 1.486689647928146792e-02
1.439162891731405464e-02 1.492270218794935523e-02
1.448017763749158589e-02 1.500109327120663708e-02
1.447845690666454792e-02 1.491689182636740142e-02
1.441166696905413734e-02 1.484751668100775697e-02
1.449613499812477981e-02 1.487722994517893908e-02
1.446233537225816157e-02 1.488305330648371193e-02
1.444361363206545130e-02 1.486632768971058935e-02
1.448125392284986719e-02 1.501499378512031330e-02
1.437082752345553681e-02 1.500154374861126065e-02
1.450101402785542587e-02 1.490926426531413197e-02
1.443624999655584475e-02 1.488885674500271643e-02
1.446335857417856315e-02 1.486039622648626865e-02
1.444417420578202223e-02 1.488974351192247705e-02
1.443416992879005024e-02 1.486268599768341900e-02
1.440335254534177989e-02 1.486423773042753159e-02
1.440302609891697116e-02 1.480671767757930739e-02
1.438853136824613799e-02 1.481598833005946282e-02
1.435864619117128808e-02 1.478399861923884728e-02
1.434980616616102385e-02 1.486122443769202946e-02
1.446222157980378391e-02 1.476831717527157459e-02
1.434557651237528854e-02 1.485810473604764689e-02
1.440844688733204128e-02 1.489436174684222181e-02
1.439780160876675402e-02 1.483227455163219771e-02
1.446387923907054528e-02 1.483294944113131356e-02
1.441456179133004424e-02 1.484318133353591980e-02
1.442434025855793105e-02 1.489709305080615803e-02
1.442263703901182359e-02 1.488375275328001311e-02
1.437478035092184213e-02 1.482983477125869413e-02
1.436626365374727050e-02 1.483948975758211421e-02
1.444535984228721877e-02 1.481334403045108869e-02
1.438455762544683242e-02 1.483672213929940371e-02
1.439510977531551633e-02 1.474212492389688316e-02
1.427594215991470628e-02 1.469608812321170424e-02
1.430814539460705144e-02 1.486051597444187217e-02
1.427386858067202641e-02 1.483996365147606696e-02
1.441328241248120666e-02 1.476830470476348488e-02
1.434202583306440522e-02 1.477666224137246138e-02
1.430896678620466496e-02 1.477496526462792475e-02
1.430939196631565193e-02 1.471981011386400487e-02
1.431063684271458025e-02 1.477205715006016558e-02
1.431324502367128243e-02 1.473090866493005982e-02
1.424883384160024330e-02 1.467226739107055714e-02
1.435845734681368523e-02 1.476141889627063941e-02
1.424598005087929047e-02 1.481419550926213642e-02
1.434058629796963573e-02 1.483318600971288495e-02
1.433374432135618715e-02 1.467062506153489661e-02
1.431411096690072410e-02 1.466311493090591105e-02
1.429294847882827714e-02 1.480011818336243040e-02
1.425758365379667207e-02 1.473056676844623596e-02
1.437349531310224728e-02 1.473053612049018274e-02
1.429158763754255490e-02 1.469434513752680173e-02
1.436057992074715739e-02 1.477209428514508413e-02
1.435582657042349698e-02 1.478506309643464085e-02
1.425834524768313828e-02 1.473962206084856834e-02
1.431922539170490082e-02 1.479874574011266243e-02
1.429728029650885468e-02 1.473594905672319898e-02
1.426978736715345947e-02 1.460129245010042404e-02
1.417219932678937845e-02 1.466794955932543623e-02
1.427175631045380678e-02 1.463623798169024978e-02
1.428348309308149176e-02 1.481372203992917767e-02
1.422625770342456075e-02 1.478089162604758963e-02
1.419517388762685760e-02 1.472922119013580014e-02
1.427651560241706592e-02 1.468745604293923528e-02
1.429456476859636109e-02 1.470869754954446523e-02
1.428175328993014359e-02 1.476934463579820424e-02
1.426276132072301812e-02 1.472825576015360932e-02
1.423576763745777740e-02 1.468389888167501850e-02
1.427376582987240593e-02 1.464931906497305390e-02
1.422712751782881542e-02 1.467113810013463519e-02
1.421499515968212800e-02 1.468356223294999853e-02
1.420126155800021002e-02 1.461474036534898997e-02
1.427176698977404568e-02 1.465492517740554085e-02
1.416108890977631728e-02 1.454686529785091491e-02
1.416224681270916719e-02 1.464410141033892047e-02
1.421202853509818259e-02 1.466712707754080913e-02
1.418260409054284375e-02 1.462063365202591683e-02
1.418609067394238470e-02 1.466385905847953156e-02
1.425063338131775555e-02 1.460287335485395063e-02
1.419432229682732194e-02 1.451228785618243443e-02
1.423198856048947351e-02 1.456765892975652593e-02
1.413578907451977507e-02 1.455365770303352485e-02
1.426295985695229772e-02 1.469398094630389000e-02
1.412844116419038031e-02 1.463906825864431764e-02
1.409313103740660045e-02 1.460316682581649060e-02
1.418502310495791015e-02 1.456809676944680228e-02
1.418088053901168932e-02 1.458075202086136536e-02
1.416761304348523008e-02 1.469126268553733010e-02
1.410215806909779178e-02 1.464595391836117332e-02
1.414355935603062685e-02 1.462136369609454319e-02
1.419022933061054280e-02 1.462069027113659624e-02
1.415820692162158591e-02 1.463144261833590129e-02
1.421389409600515123e-02 1.461768884119856240e-02
1.417613905152193161e-02 1.456669599621816628e-02
1.415843959155706211e-02 1.460446289729118788e-02
1.413439110969145346e-02 1.456502103944763878e-02
1.410240189646884412e-02 1.458165980502226268e-02
1.409354566663806319e-02 1.465903455090358277e-02
1.409418756712384722e-02 1.456049601970139593e-02
1.418448980451812724e-02 1.458375346176993444e-02
1.414945571850567511e-02 1.460836906326960956e-02
1.408343806241167499e-02 1.448787211689371926e-02
1.410441603469874024e-02 1.463240998903788184e-02
1.415992879273709863e-02 1.460339617245023924e-02
1.411956243986648048e-02 1.458862221152121968e-02
1.412185611601979827e-02 1.454084658183054345e-02
1.411886600083536551e-02 1.454569933270943860e-02
1.410192366623346655e-02 1.441536858929102875e-02
1.408943083101149574e-02 1.453363898815816097e-02
1.406809355111971437e-02 1.452146079621638441e-02
1.404979225673862013e-02 1.456070132172702578e-02
1.408416145642045307e-02 1.452886548601203288e-02
1.411187051222819594e-02 1.449781525801500069e-02
1.412516626136142879e-02 1.446062529931007104e-02
1.407640498726884203e-02 1.437057571184223274e-02
1.408698911496038958e-02 1.454445200869511519e-02
1.408261808091007712e-02 1.448788758635149304e-02
1.403529662968120047e-02 1.446169478043462554e-02
1.403327327603861273e-02 1.445896512983147093e-02
1.398331953716972810e-02 1.444601025588526308e-02
1.402842219123721056e-02 1.455475623955973345e-02
1.402095150037059763e-02 1.454213657357624270e-02
1.406003497847451572e-02 1.441962477971336226e-02
1.402529644877026534e-02 1.442981048864380375e-02
1.401333418545157132e-02 1.442865709745130322e-02
1.401368493850212692e-02 1.456394087972953319e-02
1.403825678580797147e-02 1.445280973567520874e-02
1.408627456617648523e-02 1.448678068831461135e-02
1.410903457521440335e-02 1.454630742841717464e-02
1.403020128714620868e-02 1.446536630944613745e-02
1.405313131468831529e-02 1.457081791714181888e-02
1.412727627421207777e-02 1.452965266136237686e-02
1.402598111043766582e-02 1.444652447473250209e-02
1.406893675085722946e-02 1.451519833610437869e-02
1.402145351315907569e-02 1.438489509537658508e-02
1.402014650908007913e-02 1.445576885249426173e-02
1.408672465179017057e-02 1.448891972105146274e-02
1.408396680381487909e-02 1.455807176571165783e-02
1.401849570081058032e-02 1.436617594471881545e-02
1.403466859612687717e-02 1.448559039734201824e-02
1.402231388708210374e-02 1.455437360763756766e-02
1.401073453211949642e-02 1.439578448805068148e-02
1.398754105384023526e-02 1.446394695515416766e-02
1.402964782226197825e-02 1.450303206902536432e-02
1.410094806515153031e-02 1.441804452277227998e-02
1.395219207663174997e-02 1.438494033008083997e-02
1.407437835697737671e-02 1.436857048101441818e-02
1.402037417164118428e-02 1.446389652009102099e-02
1.395620397971295175e-02 1.443926268383422667e-02
1.398272732428159672e-02 1.436352338260313104e-02
1.406320235474640447e-02 1.446718445191561876e-02
1.402722534216663090e-02 1.446486814503540261e-02
1.399712051182486899e-02 1.432727346039658865e-02
1.398339664891642790e-02 1.450336275628252847e-02
1.393079532208898151e-02 1.429882844726714473e-02
1.392449778219027705e-02 1.454045517524027616e-02
1.398371242612035138e-02 1.445284708647841081e-02
1.396449217843798336e-02 1.439670494513712803e-02
1.391363170060533512e-02 1.438758062164928811e-02
1.391256744245828771e-02 1.438277110763394769e-02
1.402828813995193012e-02 1.429652272706974023e-02
1.400335216801069753e-02 1.448622003852693615e-02
1.386391375945388721e-02 1.452414171513102467e-02
1.394837406099023146e-02 1.429304387034083419e-02
1.384947050852890736e-02 1.435733508003239102e-02
1.389879327054532182e-02 1.432858252372804647e-02
1.387061981087609787e-02 1.426541476150128794e-02
1.392481481683878475e-02 1.437901378336124518e-02
1.391436665076181169e-02 1.432918082864938561e-02
1.383257822062471110e-02 1.437607774629296072e-02
1.386541506198732919e-02 1.442842699557005982e-02
1.393204822676737294e-02 1.431356418713473737e-02
1.394076648562012251e-02 1.437243375764222370e-02
1.388424065286400326e-02 1.431063802391743627e-02
1.391308748252654583e-02 1.432010804542325350e-02
1.388345998253322743e-02 1.440163598455369495e-02
1.385160126862314267e-02 1.431181155839619974e-02
1.385098630390686758e-02 1.435789272443066707e-02
1.390307183433492182e-02 1.440509811378126726e-02
1.384811104112671810e-02 1.426821504732498323e-02
1.384767110992800310e-02 1.428748428866124034e-02
1.388515336067727007e-02 1.427460596434572057e-02
1.396946720123479896e-02 1.435586071446631230e-02
1.383956374770786701e-02 1.431565917227714015e-02
1.389249727925704996e-02 1.437909738946052327e-02
1.387796079596056130e-02 1.428420073523218453e-02
1.385280554205772612e-02 1.434409041760838395e-02
1.381592091061142370e-02 1.427608230665373089e-02
1.386553121553326696e-02 1.434155161577935558e-02
1.385043712576747819e-02 1.432648086085646158e-02
1.389263489933132388e-02 1.431284784160898570e-02
1.382384085704021354e-02 1.437883049699645137e-02
1.386122135738710424e-02 1.434679245072524069e-02
1.384351627001338680e-02 1.424822196490485061e-02
1.379787010676976865e-02 1.430846330457591006e-02
1.384816811718683240e-02 1.428177538873160596e-02
1.384528964466053870e-02 1.424071364513067837e-02
1.384498283123380274e-02 1.436809180152678889e-02
1.390473801851673484e-02 1.438409337039026764e-02
1.378935905643873666e-02 1.431569323198375078e-02
1.388406641988665195e-02 1.434814731773141269e-02
1.387734637424995095e-02 1.420576095185347928e-02
1.390784434093133605e-02 1.436766702095022309e-02
1.381976344409733409e-02 1.415427805772657803e-02
1.383423940653779639e-02 1.420898775521339807e-02
1.391250662762871966e-02 1.433429973106939599e-02
1.381106607715893407e-02 1.425946349608664745e-02
1.376842545203547929e-02 1.426397976490601828e-02
1.384474883013811324e-02 1.429257946699427628e-02
1.382774091894812402e-02 1.431191316648270859e-02
1.382806195087278416e-02 1.426342114179171908e-02
1.377775088934096205e-02 1.428507251566510372e-02
1.379725129104846480e-02 1.426487676024791942e-02
1.373776978912696900e-02 1.432971621023664509e-02
1.381877221267721785e-02 1.421751270871940420e-02
1.375737642317958857e-02 1.415090490158638081e-02
1.386075567782003339e-02 1.428231316454774309e-02
1.372718636802996300e-02 1.432522852373541329e-02
1.378626519895280629e-02 1.435959793510725203e-02
1.375855142098891815e-02 1.427997042274925868e-02
1.380500896321778387e-02 1.416649952883012979e-02
1.380165528355585362e-02 1.419635428530071838e-02
1.377983917578576994e-02 1.430899201557125043e-02
1.381371123028077470e-02 1.415620644674062643e-02
1.379686296218809137e-02 1.424182916261720541e-02
1.375773637468062638e-02 1.423655588888212212e-02
1.385872847520957206e-02 1.421161463163312169e-02
1.373253346007793398e-02 1.422415446145409469e-02
1.376777155417032057e-02 1.424243317937682815e-02
1.379193853117770090e-02 1.421891843703075239e-02
1.374099748211081440e-02 1.411633709057164877e-02
1.371867221672085600e-02 1.419416840382655733e-02
1.376949095051541866e-02 1.417009334800155111e-02
1.368481526610457882e-02 1.421289746379930490e-02
1.370868666002598296e-02 1.414536679960667377e-02
1.373470363906982399e-02 1.417932379381758347e-02
1.377892875850492312e-02 1.422510751351192468e-02
1.375157491621559376e-02 1.418855630353105766e-02
1.373894512476161144e-02 1.415068713767442601e-02
1.372346874096962849e-02 1.420402828970795776e-02
1.376416172615383023e-02 1.420656207454593437e-02
1.369012316944064923e-02 1.419382918418575674e-02
1.374249939581819423e-02 1.423064061192787048e-02
1.371779317365693328e-02 1.419567674154029527e-02
1.375211220774115450e-02 1.416832023242364444e-02
1.381751166522485023e-02 1.422619302137888807e-02
1.367856850563687297e-02 1.414715764265538425e-02
1.372978789458129990e-02 1.419327952799091970e-02
1.373711950635564394e-02 1.409916204261319091e-02
1.374687730484002585e-02 1.412835392128013873e-02
1.371869078662734352e-02 1.433126899830974334e-02
1.362908063182687209e-02 1.421896852348538548e-02
1.375711143110647065e-02 1.422743153733773379e-02
1.370019871156869830e-02 1.429552542791823026e-02
1.370247525126345144e-02 1.424397900008536090e-02
1.377291673735138271e-02 1.414599721857105578e-02
1.371089391132444824e-02 1.412846235700291296e-02
1.374288712024800997e-02 1.416488541409270142e-02
1.375861779915282801e-02 1.407143026736054625e-02
1.370960731303808890e-02 1.424298430277736588e-02
1.367839293249314102e-02 1.412261735936617968e-02
1.367584077487232069e-02 1.412309407349572783e-02
1.368937412148619852e-02 1.414998044908621737e-02
1.366409908460562185e-02 1.412772019129090832e-02
1.369790176605100405e-02 1.411681094580898542e-02
1.371170369500192970e-02 1.424970609415837468e-02
1.370596029698291363e-02 1.410159875367193207e-02
1.369651535914926006e-02 1.424731625863857529e-02
1.375697411896121408e-02 1.415794576696786759e-02
1.369538785716269309e-02 1.411696073199253561e-02
1.360818323787120303e-02 1.411402047613024777e-02
1.365926941558782970e-02 1.398404353808207524e-02
1.366322856797216011e-02 1.416391631437776202e-02
1.368862311954788941e-02 1.411982715781129674e-02
1.371170449815398845e-02 1.403564360547993571e-02
1.368135277983905523e-02 1.414691526863639387e-02
1.368494406820165189e-02 1.411767474204524662e-02
1.359371105401338369e-02 1.409769008428510793e-02
1.366730074745554392e-02 1.412865968861101371e-02
1.368818633088711607e-02 1.410124256698123447e-02
1.372495719607961379e-02 1.410330981620443007e-02
1.366205478898617487e-02 1.415000821527025859e-02
1.371501670699647700e-02 1.416273227185495774e-02
1.362463806930785948e-02 1.416276146830169197e-02
1.356070208075207430e-02 1.408602014975393266e-02
1.354741680884826577e-02 1.399344964346230236e-02
1.369503512931919548e-02 1.414844363065970514e-02
1.365335488497410737e-02 1.406639977274335047e-02
1.368725989044708956e-02 1.409424926892114890e-02
1.365579275743472598e-02 1.412411796893822506e-02
1.361703591017625510e-02 1.402705919212532924e-02
1.352715198205487780e-02 1.409028453722015357e-02
1.370526414733109523e-02 1.409357912544676947e-02
1.363000381023849079e-02 1.404783216431504909e-02
1.368997019605048236e-02 1.412682957634579448e-02
1.361804332213797757e-02 1.398583448881901559e-02
1.362380900061865158e-02 1.410004270281532170e-02
1.357654980377624200e-02 1.402662138857505014e-02
1.354182807829619646e-02 1.411359159842547235e-02
1.358047344402602864e-02 1.411409135875201296e-02
1.368556240282643027e-02 1.407453934861957467e-02
1.364175654293383472e-02 1.401734776772547986e-02
1.357356371714875387e-02 1.404377392831960940e-02
1.365828904918713928e-02 1.403653990162096084e-02
1.365168479747683877e-02 1.408403209977237766e-02
1.360156516746096472e-02 1.405265471543612824e-02
1.357848342078669772e-02 1.402501520923585092e-02
1.364767367182424286e-02 1.411503160384528291e-02
1.358990754439749066e-02 1.406968921289985207e-02
1.356618232400667173e-02 1.409491186235209068e-02
1.359337601753187776e-02 1.403565494635224294e-02
1.364745651131490413e-02 1.408910415345290650e-02
1.359710087822667106e-02 1.393339055238117588e-02
1.363379210243476601e-02 1.414315348218450272e-02
1.366361656139799402e-02 1.417235037950114775e-02
1.357119772585593798e-02 1.400121720702958601e-02
1.353123939473208082e-02 1.399837110720524892e-02
1.351320019461572063e-02 1.408880262216177098e-02
1.356951940456269101e-02 1.394716637848575705e-02
1.357567410791939676e-02 1.406828911260060190e-02
1.359376356351786781e-02 1.408718473775960947e-02
1.356783956436154355e-02 1.405112158987156974e-02
1.357576719038566630e-02 1.401938971834130500e-02
1.357407856480592583e-02 1.400904271594705965e-02
1.351331073130095962e-02 1.397273208757935856e-02
1.356492427221033491e-02 1.403208276570130746e-02
1.362117359935324963e-02 1.396947110208061546e-02
1.360135658708747607e-02 1.409186569111121716e-02
1.351864199499458463e-02 1.401951126452746950e-02
1.357445052758196428e-02 1.403363922496860851e-02
1.356779835956768709e-02 1.402893807848807142e-02
1.356742347733935067e-02 1.396739621221592537e-02
1.351952202039660191e-02 1.410287652083945693e-02
1.354303319378898605e-02 1.401756505943502554e-02
1.344160042653694091e-02 1.400022143648267138e-02
1.358482060535177137e-02 1.397791709037109024e-02
1.352686764731944428e-02 1.392793643593903327e-02
1.348082966098827253e-02 1.403385205170706168e-02
1.357300088184597124e-02 1.398206322007400013e-02
1.349706706632188870e-02 1.403404961848791523e-02
1.351418782115238436e-02 1.396620413494225645e-02
1.355526199214133511e-02 1.401801036110511545e-02
1.348505040907290592e-02 1.393787168251906829e-02
1.349061463133471861e-02 1.396988904790750878e-02
1.342512575803395808e-02 1.387951330156420027e-02
1.351568690980000688e-02 1.401322771582807700e-02
1.349071303354821942e-02 1.397838806242760260e-02
1.352961321154869632e-02 1.404139992889816800e-02
1.353195473199693237e-02 1.380243326712582257e-02
1.362285357445978777e-02 1.388443330063949925e-02
1.355334916817789274e-02 1.406156894272457200e-02
1.349044814925228104e-02 1.388696691371444150e-02
1.350154994504740129e-02 1.393674086468881662e-02
1.346769027419308755e-02 1.388251321998246017e-02
1.352858566192813826e-02 1.392668001215077549e-02
1.345622033941557862e-02 1.397083202980942823e-02
1.355438075116756867e-02 1.402622715465600550e-02
1.348999276432213956e-02 1.395131865386447199e-02
1.350865830362631831e-02 1.392953853221505153e-02
1.357496504295705592e-02 1.394262633133857773e-02
1.351488975585533880e-02 1.405932538103461457e-02
1.352161671819355863e-02 1.397111369592311456e-02
1.345911782558640961e-02 1.385713941858804192e-02
1.348284883491127593e-02 1.385396634599214694e-02
1.341828850251403082e-02 1.391565926156682065e-02
1.354748027607883404e-02 1.387730171817812448e-02
1.344585680134083999e-02 1.395331334620028563e-02
1.346940707302040317e-02 1.395936791596782620e-02
1.348337550142401746e-02 1.380876989932458207e-02
1.343125905823646001e-02 1.393904967337459937e-02
1.347621898759341318e-02 1.386562091610656425e-02
1.341539971906279168e-02 1.397126931361356537e-02
1.343736615725841903e-02 1.395171237106043044e-02
1.342192202878822287e-02 1.383851829368005527e-02
1.343226227422118606e-02 1.389746075321070772e-02
1.341145630807998902e-02 1.391362843264114073e-02
1.343665115480924092e-02 1.393629260576261832e-02
1.352729565970500758e-02 1.394275571900354185e-02
1.348904229338182548e-02 1.393928221982074049e-02
1.338084002212632136e-02 1.385603274161800909e-02
1.347940643163612201e-02 1.377821834645273809e-02
1.342192731966207649e-02 1.384605804087224445e-02
1.344113933767308346e-02 1.381696335328578586e-02
1.342596328585625963e-02 1.405766100763733255e-02
1.339768695395825680e-02 1.389148561694741706e-02
1.344379057873160838e-02 1.386416983148584456e-02
1.341544396841306240e-02 1.404866417786471491e-02
1.339418533237659269e-02 1.395201324557171843e-02
1.340293807715862463e-02 1.395904169145540351e-02
1.343148495721855663e-02 1.395464614886810124e-02
1.345506584478646343e-02 1.393750576738838308e-02
1.337038414007366526e-02 1.380087457398186147e-02
1.334540653144873461e-02 1.391390167054695065e-02
1.336956521323529046e-02 1.386315916745903265e-02
1.342655897117882996e-02 1.389174576345476517e-02
1.344036396295526271e-02 1.400757554902681661e-02
1.340228275995434572e-02 1.397198969678102067e-02
1.344707467579382525e-02 1.395946023563339813e-02
1.334717380348517633e-02 1.384401928444413052e-02
1.332557669359034185e-02 1.393255539253020377e-02
1.338648696597614408e-02 1.396095027689196397e-02
1.345571684956971444e-02 1.387829292307716546e-02
1.334524071449868891e-02 1.400026284696229313e-02
1.343569989402015365e-02 1.392842974450221941e-02
1.340606467926238297e-02 1.375816199179502597e-02
1.338333966485770986e-02 1.389846828435412421e-02
1.338824846682984404e-02 1.388069018502889260e-02
1.344438858752679440e-02 1.393022788884476677e-02
1.332771532832354756e-02 1.388684837298586987e-02
1.340720776867707943e-02 1.381843750236556000e-02
1.333867718722302892e-02 1.385253733593643823e-02
1.343089766293275450e-02 1.390272835831042782e-02
1.338791195375683106e-02 1.387940933760032323e-02
1.344038805622001405e-02 1.392084504619406186e-02
1.340824272983281301e-02 1.382578775777242204e-02
1.343029777945011632e-02 1.377518127691361970e-02
1.344933401560392816e-02 1.384133059814138082e-02
1.339979255104680432e-02 1.382576708907143868e-02
1.334269678797191105e-02 1.378039466994596118e-02
1.334596148052007852e-02 1.385398284999107311e-02
1.332462881952156848e-02 1.391131993500249395e-02
1.336283784073403862e-02 1.373340269336767276e-02
1.338808005783050613e-02 1.384825494949037429e-02
1.336127080023395003e-02 1.379169502350354425e-02
1.333834063583454188e-02 1.381198077424715051e-02
1.336903458099012593e-02 1.384818035416887118e-02
1.338989907445760873e-02 1.384388813339568376e-02
1.331280319308745380e-02 1.384293929479353362e-02
1.334559419734489792e-02 1.379120798471489100e-02
1.337118558552123117e-02 1.377730452849456125e-02
1.335640822839384394e-02 1.387023519320476801e-02
1.337566652438389181e-02 1.376960553504203225e-02
1.331380630201907389e-02 1.375528856937527356e-02
1.325409563933977602e-02 1.379146897566542636e-02
1.342669194007160317e-02 1.381246941330678199e-02
1.337737980659396177e-02 1.389521604353024901e-02
1.333865635735913269e-02 1.382271857679241017e-02
1.334107056053488068e-02 1.385007462436848441e-02
1.333856530782095116e-02 1.390987157322677928e-02
1.335661494911795366e-02 1.388139411378574127e-02
1.334253241674519114e-02 1.379734786298727513e-02
1.329156169905110381e-02 1.371889574004953732e-02
1.332846534885166918e-02 1.370391386482304637e-02
1.328111033909819272e-02 1.368280110441647685e-02
1.326164777760789094e-02 1.380127907809321729e-02
1.330418840956623487e-02 1.382248757732779977e-02
1.329238824534540592e-02 1.379478580393586964e-02
1.331882199600850636e-02 1.388520680675638802e-02
1.335699910023549659e-02 1.381971238889605907e-02
1.329515089353047741e-02 1.379580250302401591e-02
1.330707763053740923e-02 1.378074515458610656e-02
1.317837594132136025e-02 1.376487779087973151e-02
1.329205741733634379e-02 1.378231002706544091e-02
1.323660267468507699e-02 1.378244573712752476e-02
1.324672438247969687e-02 1.371197303125454986e-02
1.330492996961069041e-02 1.369827875978805835e-02
1.328474279637876891e-02 1.369221215555738343e-02
1.329480546533745589e-02 1.381325929454678761e-02
1.323227000215541904e-02 1.377676494084772649e-02
1.322180631111882256e-02 1.390124867378399881e-02
1.332839511714272590e-02 1.368697164984131014e-02
1.328899133794025390e-02 1.369521654827856108e-02
1.325266395246923329e-02 1.376711159418459764e-02
1.328027579572673388e-02 1.377459679631762475e-02
1.331311697068260878e-02 1.372189975634716119e-02
1.323830001587546906e-02 1.372796224771580600e-02
1.331981362708671741e-02 1.372205302333165747e-02
1.325396799771827450e-02 1.381429520553797627e-02
1.321559997037763910e-02 1.369858629530594160e-02
1.325393906436241054e-02 1.383778559454316472e-02
1.329671624002159991e-02 1.381379307005217369e-02
1.319712433354921881e-02 1.366533339470981344e-02
1.322461314685836192e-02 1.366510853618785326e-02
1.327836606657204106e-02 1.377139603632031480e-02
1.327153350285167725e-02 1.378719593633541927e-02
1.320202359100912208e-02 1.380116850497569575e-02
1.327275622656612364e-02 1.365280158694853578e-02
1.325521499987368512e-02 1.371531775717960318e-02
1.332434936472549208e-02 1.375631776003424789e-02
1.320447234883288627e-02 1.378003751961926968e-02
1.330786539438837297e-02 1.382847138981124942e-02
1.332777928785875039e-02 1.374110302896475178e-02
1.329894350617468433e-02 1.380969392223211495e-02
1.335295767185642329e-02 1.372688436906908255e-02
1.326108223272042842e-02 1.369581074759326951e-02
1.321698881348880479e-02 1.377308029752224300e-02
1.325542579161592856e-02 1.382453763327554618e-02
1.322159018537344931e-02 1.375256065445272340e-02
1.327439408069303571e-02 1.369023010143846988e-02
1.320711830532758820e-02 1.372920809998565313e-02
1.324391449977776504e-02 1.379297572769260481e-02
1.320681333962514005e-02 1.369811161016894034e-02
1.322416024500984964e-02 1.363955820173755849e-02
1.327399033463349219e-02 1.371708356184168573e-02
1.315215197720835671e-02 1.382897503487873214e-02
1.321672718521685504e-02 1.368800499257705888e-02
1.323097797055874936e-02 1.359002649491867533e-02
1.317327053291731699e-02 1.368856597225619892e-02
1.319890134538671302e-02 1.374758319937815880e-02
1.327015760024439529e-02 1.364721763618933874e-02
1.318874995892121288e-02 1.354005386487935371e-02
1.314032299430051981e-02 1.362679974112141097e-02
1.324839551177171316e-02 1.369631056913585970e-02
1.311272271146387940e-02 1.355284419307582582e-02
1.311639739030880970e-02 1.374421122786806566e-02
1.324042325804363797e-02 1.357596811361142485e-02
1.313854926239388203e-02 1.366125013242536212e-02
1.318146088458121458e-02 1.360132238439000843e-02
1.320579782181401270e-02 1.366857662185338128e-02
1.316984422598099259e-02 1.373015894281489312e-02
1.320832439923089012e-02 1.377343408159699065e-02
1.312658957138843584e-02 1.361500556427650520e-02
1.318120397350939187e-02 1.371720296285738536e-02
1.317051203036180736e-02 1.363691416260003758e-02
1.320785600759714039e-02 1.373547517751539694e-02
1.319392949147804063e-02 1.366344374945810056e-02
1.324722874287223399e-02 1.363696586298424746e-02
1.317270195687494407e-02 1.372882094265523260e-02
1.319944641004410120e-02 1.366576201575741764e-02
1.322634210458072633e-02 1.363598441835370614e-02
1.317562151480522990e-02 1.361193479456058661e-02
1.318050774612483482e-02 1.367060912792144277e-02
1.316603926126194181e-02 1.376615926051104159e-02
1.317827583790121514e-02 1.370220617361134555e-02
1.312497220888430259e-02 1.364198588389027057e-02
1.315275776589875517e-02 1.374195078728674899e-02
1.320596767096732758e-02 1.364579876089900938e-02
1.320009764125659561e-02 1.377180124986429437e-02
1.322438139165565442e-02 1.362274824645079950e-02
1.318034991664506113e-02 1.363666195435655863e-02
1.315574306634892561e-02 1.366202508991689983e-02
1.312501359214663516e-02 1.356827232032578948e-02
1.310948662657713919e-02 1.353565718187591665e-02
1.317581907887786265e-02 1.363452815390250872e-02
1.307119078193871332e-02 1.361728744848649843e-02
1.311488680982281392e-02 1.359331095832492023e-02
