9.370427778949437514e-02 7.647058823529411242e-01 6.485865253082562232e-02
2.990566237701250407e-02 7.941176470588234837e-01 5.289329321548029428e-02
1.808531381982177513e-02 8.235294117647058432e-01 4.273766584386964190e-02
1.208181273664610776e-02 8.529411764705882026e-01 3.645269391300137024e-02
7.590874231280928496e-03 8.235294117647058432e-01 4.121463282270809020e-02
5.455140866234472856e-03 8.382352941176470784e-01 3.523145821157960822e-02
4.544125684660249055e-03 8.676470588235294379e-01 3.144921917225548813e-02
3.706253296406840977e-03 8.382352941176470784e-01 3.462587244079876753e-02
3.509075129345544213e-03 8.676470588235294379e-01 3.047637533349903741e-02
2.978261005411392531e-03 8.676470588235294379e-01 3.007273080372085960e-02
2.453568559764474511e-03 8.676470588235294379e-01 3.139917504337062099e-02
2.216098289660652348e-03 8.529411764705882026e-01 3.127505485344873187e-02
2.201347571135006675e-03 8.676470588235294379e-01 3.018367884434295170e-02
2.118468529281089963e-03 8.529411764705882026e-01 3.045138192510846858e-02
1.997824800047246808e-03 8.529411764705882026e-01 3.085831359953564862e-02
1.974175888724010938e-03 8.676470588235294379e-01 2.851719447472244109e-02
1.485997547701601055e-03 8.529411764705882026e-01 3.163415360234013429e-02
1.963653303266168354e-03 8.676470588235294379e-01 3.073916426689785042e-02
1.819841236860323449e-03 8.529411764705882026e-01 2.927771977061319891e-02
1.806099403981731993e-03 8.676470588235294379e-01 2.719515498876038176e-02
1.833540840822662620e-03 8.676470588235294379e-01 2.832851180274456593e-02
1.775251281193437067e-03 8.676470588235294379e-01 2.815641821453016697e-02
1.666843275279470326e-03 8.676470588235294379e-01 2.847121883398552947e-02
1.839263666290472717e-03 8.676470588235294379e-01 2.816629100364313742e-02
1.677458828817012795e-03 8.676470588235294379e-01 2.795626106719619267e-02
1.864737011101259877e-03 8.676470588235294379e-01 2.803509445802833747e-02
1.734451876501213975e-03 8.676470588235294379e-01 2.776945891080647225e-02
1.763688909048011580e-03 8.676470588235294379e-01 2.888314193532836444e-02
1.653968052123833696e-03 8.529411764705882026e-01 2.832135050067947565e-02
1.897565403330728553e-03 8.676470588235294379e-01 2.690315205429851669e-02
1.899610748040095288e-03 8.676470588235294379e-01 2.688748988560279995e-02
1.742424531678075494e-03 8.676470588235294379e-01 2.761049122629385261e-02
1.895714846136553784e-03 8.529411764705882026e-01 2.785481789111167797e-02
1.781696610275431249e-03 8.676470588235294379e-01 2.791015544385500730e-02
1.982917805092706751e-03 8.823529411764705621e-01 2.724333727759760057e-02
1.991215240495495219e-03 8.823529411764705621e-01 2.630092827584427223e-02
1.982623884199796911e-03 8.823529411764705621e-01 2.699187004197275280e-02
1.836642849280627036e-03 8.823529411764705621e-01 2.672287717008684296e-02
1.898465255281468929e-03 8.823529411764705621e-01 2.684087766267759939e-02
2.093757753044122628e-03 8.823529411764705621e-01 2.600914357923880815e-02
1.929086774963580282e-03 8.823529411764705621e-01 2.691276558611204600e-02
1.902195363950479534e-03 8.823529411764705621e-01 2.727373793948351458e-02
2.099997987671855908e-03 8.823529411764705621e-01 2.671448216522267702e-02
2.003036106286974587e-03 8.823529411764705621e-01 2.676901385255396615e-02
2.077517485952746438e-03 8.823529411764705621e-01 2.693702066329385289e-02
2.101702134485219399e-03 8.823529411764705621e-01 2.763213259726215315e-02
2.215889635089279743e-03 8.823529411764705621e-01 2.709806509408569167e-02
2.058834112313140830e-03 8.823529411764705621e-01 2.630215252313008664e-02
2.209116020698025009e-03 8.970588235294117974e-01 2.533157711485883173e-02
1.943961960379528633e-03 8.823529411764705621e-01 2.697910249747836192e-02
2.196111960818908099e-03 8.970588235294117974e-01 2.588961536457305007e-02
2.060002608913613555e-03 8.823529411764705621e-01 2.635094354828472832e-02
2.162622173836040076e-03 8.970588235294117974e-01 2.529314864109079297e-02
2.230255141760402026e-03 8.970588235294117974e-01 2.566746178884456511e-02
1.972866026606156717e-03 8.970588235294117974e-01 2.510261950434496819e-02
2.243091950738693510e-03 8.970588235294117974e-01 2.511644625537515566e-02
2.053648699608041570e-03 8.970588235294117974e-01 2.586011018809827519e-02
2.226460304946835129e-03 8.970588235294117974e-01 2.552319653855881013e-02
2.088769683117555880e-03 8.970588235294117974e-01 2.470761038575459284e-02
2.183215245385187932e-03 8.970588235294117974e-01 2.515369396258242823e-02
2.178972436411604711e-03 8.970588235294117974e-01 2.517890887141517597e-02
2.144626007047922313e-03 8.970588235294117974e-01 2.549653309468304790e-02
2.202168364129981383e-03 8.970588235294117974e-01 2.430632725414298353e-02
2.133370901114112900e-03 8.970588235294117974e-01 2.433987164302411910e-02
2.113177547526500204e-03 8.970588235294117974e-01 2.450181781475286799e-02
1.960059466262140115e-03 8.970588235294117974e-01 2.455734953723699016e-02
2.230847600181151951e-03 8.970588235294117974e-01 2.544483334037609193e-02
2.048851110134288812e-03 8.970588235294117974e-01 2.392154010580202148e-02
2.037550254635224316e-03 8.970588235294117974e-01 2.419407273031155131e-02
2.013303370003655893e-03 8.970588235294117974e-01 2.417144147645908583e-02
1.938377368043572207e-03 8.970588235294117974e-01 2.386571672702962263e-02
1.968240566939691814e-03 8.970588235294117974e-01 2.394207933254784149e-02
1.936026584917161127e-03 8.970588235294117974e-01 2.382615907255532239e-02
1.799120545214456237e-03 8.970588235294117974e-01 2.341943615954473687e-02
1.756372606320146185e-03 8.970588235294117974e-01 2.388540311277941378e-02
1.875022716975046234e-03 8.970588235294117974e-01 2.290715569324327031e-02
1.737386454852573410e-03 8.970588235294117974e-01 2.362009228624023169e-02
1.802103151688178723e-03 8.970588235294117974e-01 2.334498475415364496e-02
1.749144058635809318e-03 8.970588235294117974e-01 2.303281065192464352e-02
1.780810903845691942e-03 8.970588235294117974e-01 2.298271689075906746e-02
1.683040373438603621e-03 8.970588235294117974e-01 2.270994765955456490e-02
1.586397456066852276e-03 8.970588235294117974e-01 2.314411499207923162e-02
1.579745088448012607e-03 8.970588235294117974e-01 2.295241198117768319e-02
1.577512900415723633e-03 8.970588235294117974e-01 2.263011155009354153e-02
1.571729775629211257e-03 8.970588235294117974e-01 2.270163014204882798e-02
1.491446124447282345e-03 8.970588235294117974e-01 2.174183641037686840e-02
1.446451903421914825e-03 8.970588235294117974e-01 2.191430279477164789e-02
1.434296946029943887e-03 8.970588235294117974e-01 2.194443405156356122e-02
1.306178749099410176e-03 8.970588235294117974e-01 2.175988027692596014e-02
1.387599646165148075e-03 8.970588235294117974e-01 2.272661409211653924e-02
1.400957221261988099e-03 8.970588235294117974e-01 2.152970656661614898e-02
1.201026342080276435e-03 8.970588235294117974e-01 2.221274911108393410e-02
1.321005810754082889e-03 8.970588235294117974e-01 2.139615167299690340e-02
1.116051573094814075e-03 9.117647058823529216e-01 2.133304691189665675e-02
1.199302825836159403e-03 8.970588235294117974e-01 2.145185563570089701e-02
1.216855018288525185e-03 9.117647058823529216e-01 2.167410137368236053e-02
1.045198225476677047e-03 8.970588235294117974e-01 2.149171982947635853e-02
1.038532606047024411e-03 9.117647058823529216e-01 2.115473224529234100e-02
1.005824583390936902e-03 9.117647058823529216e-01 2.106150016478744100e-02
9.900586422353589017e-04 9.117647058823529216e-01 2.129278542625050175e-02
