9.370427778949437514e-02 7.647058823529411242e-01 6.485865253082562232e-02
4.025222951461484427e-02 7.941176470588234837e-01 5.352891392219837063e-02
1.894106881007486323e-02 8.529411764705882026e-01 4.069932390754919110e-02
1.289793668748648141e-02 9.411764705882352811e-01 2.533928070997832488e-02
1.428705048005861518e-02 8.823529411764705621e-01 3.753370528217242486e-02
1.668647607543679093e-02 8.823529411764705621e-01 3.190498689833786566e-02
1.117074226100120415e-02 9.411764705882352811e-01 2.242267796345778427e-02
1.745924265642895268e-02 8.970588235294117974e-01 2.792405558041894179e-02
6.777336146358801071e-03 9.264705882352941568e-01 2.763505613901023200e-02
3.614138345065465597e-03 9.705882352941176405e-01 1.332783881038931278e-02
1.117658265261379201e-02 9.411764705882352811e-01 1.778667006522142643e-02
5.718160021938606223e-03 9.264705882352941568e-01 2.840776291138898818e-02
3.385996294716384601e-03 8.970588235294117974e-01 2.920437516307306663e-02
8.207910999811903960e-03 8.970588235294117974e-01 3.118788709529601161e-02
4.087512401733529865e-03 9.117647058823529216e-01 3.406480263926536800e-02
8.569430440708940971e-03 8.529411764705882026e-01 4.441640592892157763e-02
8.757237359385390552e-03 9.558823529411765163e-01 2.842577234957531854e-02
6.313471432832127098e-03 9.558823529411765163e-01 2.586143841359001688e-02
3.708427422442906862e-03 9.411764705882352811e-01 1.957598454609688760e-02
1.107948784936932211e-02 8.676470588235294379e-01 3.255658454390753659e-02
4.873807890575290562e-03 8.970588235294117974e-01 3.522191602296322055e-02
6.819704632375966913e-03 9.264705882352941568e-01 2.545177450446305112e-02
1.466170834587134271e-02 8.970588235294117974e-01 3.387975669499439929e-02
7.114501257080478938e-03 8.823529411764705621e-01 3.500879444813957686e-02
4.005597185708207990e-03 8.823529411764705621e-01 4.116375011755805252e-02
2.752159313066930135e-03 9.411764705882352811e-01 2.726167302048681032e-02
4.108975109958147576e-03 9.117647058823529216e-01 2.824978605575174939e-02
1.781481306586311150e-03 9.117647058823529216e-01 2.575286255849389139e-02
4.953197436589701352e-03 9.558823529411765163e-01 2.504110921952216670e-02
6.836389358445915318e-03 8.823529411764705621e-01 3.160912276144569460e-02
8.176181025323839627e-03 9.411764705882352811e-01 1.941382467370602466e-02
2.701404035494791266e-03 8.823529411764705621e-01 3.123374213520260442e-02
7.446118225714009817e-03 9.264705882352941568e-01 2.481362777360949373e-02
6.657190188537839316e-03 9.264705882352941568e-01 2.706513956305285282e-02
9.932801165807284352e-03 9.411764705882352811e-01 2.474888600366515271e-02
7.632398049259369460e-03 9.411764705882352811e-01 2.566153379509360927e-02
5.559213928637979363e-03 9.411764705882352811e-01 2.464937961765557503e-02
1.803210959303191540e-03 9.411764705882352811e-01 3.319456226777481311e-02
1.531127989358390968e-03 8.529411764705882026e-01 4.256019534946732519e-02
5.179181069542515559e-03 8.676470588235294379e-01 3.597276056197020594e-02
2.501723665693573583e-03 8.970588235294117974e-01 2.605061553491564916e-02
5.833167695203025568e-03 9.117647058823529216e-01 2.429254077302044415e-02
1.140658042355418775e-03 8.970588235294117974e-01 3.636323727131872408e-02
4.589927564953341643e-03 8.970588235294117974e-01 3.754584261067868411e-02
6.644542410784343850e-03 8.970588235294117974e-01 3.714771390553940622e-02
2.247120804958482702e-03 9.411764705882352811e-01 2.414823101682950918e-02
5.874632472013632464e-03 9.264705882352941568e-01 2.177443525754345355e-02
1.988800466934117876e-03 9.411764705882352811e-01 2.433210148626839889e-02
3.713013831715492735e-03 8.529411764705882026e-01 4.279074204563937389e-02
2.101159822205048416e-03 9.558823529411765163e-01 2.447750487181118983e-02
1.530950066688507860e-02 9.705882352941176405e-01 2.543987357513725206e-02
8.233003310200289956e-03 8.823529411764705621e-01 3.569417868491518708e-02
2.899610156525488699e-03 9.558823529411765163e-01 2.437263485317332432e-02
5.032016779289911514e-03 9.411764705882352811e-01 2.765746408813718471e-02
4.079818425086709568e-03 9.117647058823529216e-01 3.322763541917118230e-02
3.468789458565822367e-03 8.970588235294117974e-01 3.062679719996267910e-02
4.993386466903472314e-03 9.117647058823529216e-01 2.532387703637685450e-02
3.012547903132577806e-03 8.970588235294117974e-01 2.973278762954569346e-02
7.085354656060964540e-03 9.117647058823529216e-01 3.666642705923982282e-02
2.837844642227250937e-03 9.411764705882352811e-01 2.310982210074681575e-02
4.227909502071343882e-03 9.411764705882352811e-01 2.354007546152751817e-02
7.606891613003079027e-03 9.411764705882352811e-01 3.023642881955907954e-02
1.748809262059299215e-03 9.264705882352941568e-01 2.976375393726208088e-02
6.411169404880130707e-03 9.411764705882352811e-01 2.646012478071117432e-02
8.068710560824331190e-03 9.117647058823529216e-01 2.226224909003681265e-02
2.155909426127144545e-03 9.411764705882352811e-01 2.070727249046141333e-02
2.582206350471075423e-03 8.970588235294117974e-01 3.191265141814027956e-02
1.134864862883988405e-02 9.411764705882352811e-01 2.441129414382127785e-02
7.222415592685625663e-03 8.970588235294117974e-01 3.001561186205261439e-02
3.725561963633620011e-03 8.529411764705882026e-01 3.673642956566346152e-02
2.878865709469798431e-03 8.970588235294117974e-01 2.513080645091519613e-02
1.250806594077965130e-03 8.970588235294117974e-01 2.699387302187733831e-02
4.165086345345089466e-03 9.264705882352941568e-01 2.764867015571294967e-02
4.297485195430119330e-03 9.117647058823529216e-01 2.821850193639589485e-02
5.690610455882215250e-03 9.117647058823529216e-01 3.266883460127951999e-02
7.058118529344691722e-03 8.823529411764705621e-01 3.178518468282034298e-02
1.049384241639464421e-02 9.117647058823529216e-01 3.122164655477336487e-02
4.180904783077775411e-03 8.970588235294117974e-01 2.669300320881755340e-02
3.336413398286511289e-03 9.705882352941176405e-01 1.633953593630161488e-02
2.703457160765811509e-03 9.411764705882352811e-01 2.182190334588682279e-02
1.151675481542062396e-02 9.411764705882352811e-01 2.483915108302321012e-02
9.003054830375958884e-03 9.411764705882352811e-01 2.243826001048757068e-02
4.984757688977107387e-03 8.676470588235294379e-01 3.636980711338535371e-02
3.851720368132310109e-03 9.411764705882352811e-01 1.622232683249998086e-02
3.238551151372425115e-03 9.411764705882352811e-01 2.241500064015450669e-02
1.096302712562420567e-02 9.264705882352941568e-01 3.121825621164978429e-02
5.366276372525504920e-03 9.264705882352941568e-01 3.153748251114553425e-02
6.248181662747201957e-03 9.264705882352941568e-01 4.451779579564429240e-02
4.678876089786562949e-03 9.411764705882352811e-01 2.754622021567621620e-02
5.467388823840614760e-03 9.411764705882352811e-01 2.560703996353769565e-02
4.230332351641865642e-03 9.411764705882352811e-01 1.925519542470659207e-02
8.726550634628927119e-03 9.117647058823529216e-01 3.278946263529348287e-02
3.404269429677956541e-03 8.970588235294117974e-01 3.210063730784318975e-02
1.514643451061161057e-03 9.558823529411765163e-01 1.701755815481571094e-02
5.628569726471905135e-03 9.411764705882352811e-01 2.408284699357311764e-02
6.250654650469755769e-03 9.558823529411765163e-01 1.629259149797093048e-02
3.933199256265677152e-03 9.411764705882352811e-01 2.965823223631105024e-02
5.680364593144376743e-03 9.705882352941176405e-01 1.840473538545816037e-02
4.861410976584094878e-03 9.264705882352941568e-01 2.181059397090440166e-02
1.187263206438650236e-02 9.411764705882352811e-01 2.506163903296542914e-02
