5.113541013779029226e-02 5.650992309765090482e-02 7.079999999999999627e-01 6.800000000000000488e-01
3.490145497929618423e-02 4.031345484162390802e-02 7.874999999999999778e-01 7.580000000000000071e-01
3.411240313538584090e-02 3.990353313225591253e-02 7.940000000000000391e-01 7.530000000000000027e-01
2.689024934071302525e-02 3.451522899754742163e-02 8.094999999999999973e-01 7.670000000000000151e-01
2.824158175881195942e-02 3.599554811075537930e-02 8.255000000000000115e-01 7.710000000000000187e-01
2.941667877405563028e-02 3.730970220623118505e-02 7.934999999999999831e-01 7.369999999999999885e-01
2.469006721121281417e-02 3.362705290394726182e-02 8.625000000000000444e-01 7.970000000000000417e-01
2.179129366018130870e-02 3.184091172096562006e-02 8.635000000000000453e-01 8.040000000000000480e-01
2.032393637378524659e-02 3.091644548988184069e-02 8.784999999999999476e-01 8.010000000000000453e-01
2.115483974346747328e-02 3.180440268364580908e-02 8.635000000000000453e-01 7.830000000000000293e-01
1.845278766644027624e-02 2.938772644271390316e-02 8.860000000000000098e-01 8.129999999999999449e-01
1.667132017642074943e-02 2.813779035074458201e-02 8.914999999999999591e-01 8.129999999999999449e-01
1.718958764840474232e-02 2.957003952316944115e-02 8.860000000000000098e-01 7.960000000000000409e-01
1.576006097884796384e-02 2.836541447345794151e-02 9.030000000000000249e-01 8.259999999999999565e-01
1.415110482282336268e-02 2.722003760752090759e-02 9.224999999999999867e-01 8.209999999999999520e-01
1.305671794422436777e-02 2.695045944419360850e-02 9.214999999999999858e-01 8.279999999999999583e-01
1.321631193245190704e-02 2.852606229040646410e-02 9.154999999999999805e-01 8.179999999999999494e-01
1.287865586338103607e-02 2.644903765040548804e-02 9.210000000000000409e-01 8.289999999999999591e-01
1.270259980764401782e-02 2.726039445639296538e-02 9.250000000000000444e-01 8.229999999999999538e-01
1.473797862013018906e-02 2.985279224671974138e-02 8.970000000000000195e-01 8.010000000000000453e-01
1.244386279977877097e-02 2.744202391930485735e-02 9.280000000000000471e-01 8.179999999999999494e-01
1.121475786086527371e-02 2.705004666702396851e-02 9.375000000000000000e-01 8.269999999999999574e-01
1.242751393551085222e-02 2.754241883282750394e-02 9.224999999999999867e-01 8.229999999999999538e-01
1.348828208639262990e-02 2.882720277204453563e-02 9.120000000000000329e-01 8.179999999999999494e-01
1.096054501853779839e-02 2.630188126522662456e-02 9.370000000000000551e-01 8.319999999999999618e-01
1.143517396220926005e-02 2.806349568322964380e-02 9.280000000000000471e-01 8.239999999999999547e-01
1.064679852748685526e-02 2.746605974648879192e-02 9.304999999999999938e-01 8.179999999999999494e-01
9.236334852446379667e-03 2.725459052875889993e-02 9.469999999999999529e-01 8.209999999999999520e-01
8.642597299942241310e-03 2.624332295939222487e-02 9.515000000000000124e-01 8.279999999999999583e-01
1.026895420646221566e-02 2.639146777506963526e-02 9.324999999999999956e-01 8.239999999999999547e-01
8.394400742751492034e-03 2.769808837406796329e-02 9.515000000000000124e-01 8.249999999999999556e-01
9.680659139132016117e-03 2.765640939370636597e-02 9.415000000000000036e-01 8.209999999999999520e-01
8.834709937300544089e-03 2.657831025628334953e-02 9.435000000000000053e-01 8.349999999999999645e-01
6.563746162070032385e-03 2.515891138744494673e-02 9.609999999999999654e-01 8.449999999999999734e-01
8.022416305390132549e-03 2.844769553806530613e-02 9.479999999999999538e-01 8.199999999999999512e-01
7.781481622366893947e-03 2.885893062470369294e-02 9.519999999999999574e-01 8.179999999999999494e-01
6.255459319552893367e-03 2.674483489744248349e-02 9.655000000000000249e-01 8.259999999999999565e-01
6.608637847693272019e-03 2.649464841243649726e-02 9.575000000000000178e-01 8.319999999999999618e-01
6.295467651866936201e-03 2.794351261788665525e-02 9.609999999999999654e-01 8.239999999999999547e-01
5.949699166475231303e-03 2.766152659438747205e-02 9.669999999999999707e-01 8.229999999999999538e-01
7.245913965874211868e-03 2.712450697195680632e-02 9.585000000000000187e-01 8.369999999999999662e-01
6.591683188180063636e-03 2.808625540501979989e-02 9.569999999999999618e-01 8.060000000000000497e-01
1.009299245945737174e-02 3.162332516499003626e-02 9.379999999999999449e-01 7.880000000000000338e-01
4.418576392105307872e-03 2.634041254613731647e-02 9.775000000000000355e-01 8.369999999999999662e-01
6.577081913879216472e-03 2.830627756816566504e-02 9.629999999999999671e-01 8.189999999999999503e-01
5.484929446936058842e-03 2.831062476565654115e-02 9.709999999999999742e-01 8.159999999999999476e-01
5.337237232991046479e-03 2.838713006667044347e-02 9.675000000000000266e-01 8.040000000000000480e-01
6.432839897267166041e-03 2.820804065708688163e-02 9.625000000000000222e-01 8.209999999999999520e-01
3.984349942097028738e-03 2.690709681998292718e-02 9.809999999999999831e-01 8.319999999999999618e-01
4.710896502855261778e-03 2.713089090423550370e-02 9.709999999999999742e-01 8.299999999999999600e-01
1.286167021796856026e-02 3.387298102903258529e-02 9.170000000000000373e-01 7.940000000000000391e-01
6.361160297661027155e-03 2.806375801961890487e-02 9.589999999999999636e-01 8.239999999999999547e-01
4.285005137416014048e-03 2.787337485096469392e-02 9.745000000000000329e-01 8.249999999999999556e-01
7.843435681213052277e-03 2.988269896897439992e-02 9.485000000000000098e-01 8.239999999999999547e-01
9.715122605781494058e-03 3.099153497321594300e-02 9.340000000000000524e-01 7.960000000000000409e-01
5.989699607271132924e-03 2.889985893474069506e-02 9.655000000000000249e-01 8.120000000000000551e-01
2.999022751691322961e-03 2.722430282253064313e-02 9.849999999999999867e-01 8.289999999999999591e-01
3.298677024158490605e-03 2.671017730217121675e-02 9.829999999999999849e-01 8.299999999999999600e-01
5.987979533550349780e-03 3.009475454725490939e-02 9.639999999999999680e-01 8.139999999999999458e-01
7.134790714413323000e-03 2.954668937988558231e-02 9.525000000000000133e-01 8.120000000000000551e-01
4.070512037565972123e-03 2.659414089305504533e-02 9.765000000000000346e-01 8.299999999999999600e-01
6.866722436864060135e-03 2.950602145336434987e-02 9.565000000000000169e-01 8.169999999999999485e-01
5.312633551747375851e-03 2.917827664168944415e-02 9.665000000000000258e-01 8.129999999999999449e-01
2.792063816427662899e-03 2.696758700707505355e-02 9.845000000000000417e-01 8.359999999999999654e-01
3.422745274886787419e-03 2.786785553262898299e-02 9.835000000000000409e-01 8.209999999999999520e-01
3.840129261788140062e-03 2.861470764007816026e-02 9.779999999999999805e-01 8.239999999999999547e-01
3.655068891935419218e-03 2.903954332137458419e-02 9.805000000000000382e-01 8.120000000000000551e-01
5.986405692035288648e-03 3.249482723393602029e-02 9.615000000000000213e-01 8.070000000000000506e-01
3.471985076280662257e-03 2.798390091625205939e-02 9.825000000000000400e-01 8.209999999999999520e-01
2.964059881026158503e-03 2.774344073649876244e-02 9.849999999999999867e-01 8.199999999999999512e-01
4.040859828302361539e-03 2.942806666008028829e-02 9.755000000000000338e-01 8.229999999999999538e-01
6.083679893015430523e-03 2.872194068635091149e-02 9.605000000000000204e-01 8.179999999999999494e-01
4.219199584838196834e-03 2.840982373193163060e-02 9.739999999999999769e-01 8.229999999999999538e-01
3.477920850887786675e-03 2.858224276077840631e-02 9.815000000000000391e-01 8.219999999999999529e-01
2.874372310078709709e-03 2.870836858046890358e-02 9.849999999999999867e-01 8.229999999999999538e-01
3.989795782930659514e-03 2.816035736491446020e-02 9.765000000000000346e-01 8.239999999999999547e-01
2.469538242639674266e-03 2.784550919541694744e-02 9.869999999999999885e-01 8.229999999999999538e-01
2.358769977338604721e-03 2.811937620449525554e-02 9.885000000000000453e-01 8.189999999999999503e-01
5.270538561490080084e-03 2.967212811078759338e-02 9.709999999999999742e-01 8.179999999999999494e-01
2.228076734905739403e-03 2.665350389576302478e-02 9.889999999999999902e-01 8.299999999999999600e-01
1.285407963826023462e-03 2.750113217651742326e-02 9.945000000000000506e-01 8.189999999999999503e-01
3.112078771859344561e-03 2.948625772166997908e-02 9.825000000000000400e-01 8.169999999999999485e-01
2.299465941704217312e-03 2.837844427126055488e-02 9.885000000000000453e-01 8.169999999999999485e-01
2.225331381053464053e-03 2.912325758907722412e-02 9.899999999999999911e-01 8.269999999999999574e-01
2.420316378449403807e-03 2.857886764219949929e-02 9.905000000000000471e-01 8.189999999999999503e-01
2.213285252702109403e-03 2.762022859262639254e-02 9.869999999999999885e-01 8.339999999999999636e-01
1.905658329306323491e-03 2.858222738406235655e-02 9.929999999999999938e-01 8.229999999999999538e-01
3.228588484701597119e-03 2.874089992657608700e-02 9.835000000000000409e-01 8.120000000000000551e-01
1.526649150983974169e-03 2.731018900307172897e-02 9.945000000000000506e-01 8.189999999999999503e-01
1.269038578674408198e-03 2.786855451736163988e-02 9.959999999999999964e-01 8.189999999999999503e-01
3.128730614033069322e-03 3.152898486044734827e-02 9.815000000000000391e-01 8.100000000000000533e-01
2.519517015566879580e-03 2.744079021000122090e-02 9.859999999999999876e-01 8.349999999999999645e-01
1.366003812963783931e-03 2.811954725460903345e-02 9.935000000000000497e-01 8.229999999999999538e-01
1.782731064560772166e-03 2.941510435467840912e-02 9.905000000000000471e-01 8.179999999999999494e-01
2.164154510515556209e-03 2.960571990000789716e-02 9.889999999999999902e-01 8.129999999999999449e-01
1.640730776029176215e-03 2.927334988173989350e-02 9.899999999999999911e-01 8.129999999999999449e-01
2.001301849964984714e-03 2.817984836564799145e-02 9.929999999999999938e-01 8.209999999999999520e-01
1.177259647695419378e-03 2.995814970074668626e-02 9.955000000000000515e-01 8.139999999999999458e-01
1.374139508824616905e-03 2.859184015757965797e-02 9.915000000000000480e-01 8.229999999999999538e-01
1.254759180668966589e-03 2.769952925912065947e-02 9.969999999999999973e-01 8.239999999999999547e-01
3.504223342460220224e-03 2.778601262292565433e-02 9.819999999999999840e-01 8.289999999999999591e-01
1.945313764651595461e-03 2.715557786346363411e-02 9.909999999999999920e-01 8.329999999999999627e-01
1.293735401318587153e-03 2.886081996753700474e-02 9.939999999999999947e-01 8.179999999999999494e-01
8.485489993390375740e-03 3.278653407647727502e-02 9.475000000000000089e-01 8.050000000000000488e-01
3.928346187750374370e-03 3.009382668990059559e-02 9.755000000000000338e-01 8.120000000000000551e-01
2.108370289898680184e-03 2.809416452863169877e-02 9.919999999999999929e-01 8.209999999999999520e-01
1.073143794409089653e-03 2.895975558746044509e-02 9.955000000000000515e-01 8.110000000000000542e-01
9.382040780392403171e-04 2.971280150811852691e-02 9.965000000000000524e-01 8.159999999999999476e-01
1.247616556818455496e-03 2.850020671278992793e-02 9.929999999999999938e-01 8.329999999999999627e-01
1.981028435085371506e-03 2.895324707448224816e-02 9.895000000000000462e-01 8.169999999999999485e-01
2.245995103220954116e-03 2.928139370805999883e-02 9.889999999999999902e-01 8.159999999999999476e-01
1.364681512446078810e-03 2.767975740416903779e-02 9.939999999999999947e-01 8.259999999999999565e-01
1.814980655138752385e-03 2.928590237832985957e-02 9.919999999999999929e-01 8.139999999999999458e-01
8.920597529249229890e-04 2.766613019687724773e-02 9.939999999999999947e-01 8.279999999999999583e-01
1.883052502476744751e-03 3.040556021243499482e-02 9.909999999999999920e-01 8.179999999999999494e-01
4.558847736786802995e-03 3.089051012805746343e-02 9.705000000000000293e-01 8.129999999999999449e-01
6.873147555437321378e-04 2.855181224009063073e-02 9.969999999999999973e-01 8.219999999999999529e-01
6.941788459688802817e-04 2.891231315647282973e-02 9.969999999999999973e-01 8.169999999999999485e-01
1.682163400756433438e-03 2.863396293698404482e-02 9.915000000000000480e-01 8.219999999999999529e-01
2.114456080449256866e-03 2.922149662256945737e-02 9.915000000000000480e-01 8.169999999999999485e-01
1.110356503990492195e-03 3.018649888421905472e-02 9.959999999999999964e-01 8.110000000000000542e-01
1.159951074529823279e-03 2.827017889371803011e-02 9.939999999999999947e-01 8.209999999999999520e-01
1.075697676599924333e-03 2.825824850404153044e-02 9.955000000000000515e-01 8.219999999999999529e-01
1.921559700087725623e-03 2.822072822855628896e-02 9.899999999999999911e-01 8.249999999999999556e-01
6.547036083860172280e-03 3.144438254130142718e-02 9.599999999999999645e-01 7.930000000000000382e-01
1.014023160870668964e-03 2.854918917157236308e-02 9.945000000000000506e-01 8.189999999999999503e-01
4.032030468547424633e-03 2.992968496414237164e-02 9.745000000000000329e-01 8.229999999999999538e-01
1.633492043005577458e-03 2.868542714382292524e-02 9.929999999999999938e-01 8.179999999999999494e-01
1.869128445596173523e-03 3.034055390417994894e-02 9.899999999999999911e-01 8.030000000000000471e-01
4.299919927977359155e-03 3.122921931284142194e-02 9.725000000000000311e-01 8.110000000000000542e-01
1.275058489135884928e-03 2.942389602272280774e-02 9.935000000000000497e-01 8.110000000000000542e-01
1.234304325735050565e-03 2.793662006046196758e-02 9.939999999999999947e-01 8.279999999999999583e-01
1.723214372522937667e-03 2.838918081587304965e-02 9.889999999999999902e-01 8.319999999999999618e-01
1.519534039787456652e-03 2.891512372007655485e-02 9.929999999999999938e-01 8.209999999999999520e-01
7.463883300888551854e-04 2.841041742698382014e-02 9.975000000000000533e-01 8.199999999999999512e-01
2.606234492653215773e-03 2.916119251304755827e-02 9.855000000000000426e-01 8.110000000000000542e-01
6.664686154989214999e-04 2.832085958221209829e-02 9.989999999999999991e-01 8.149999999999999467e-01
5.939519769118403823e-04 2.782284798233076659e-02 9.969999999999999973e-01 8.289999999999999591e-01
2.498303676690375504e-03 2.806111332695790730e-02 9.869999999999999885e-01 8.309999999999999609e-01
1.051550119516536479e-02 3.186962171761485718e-02 9.354999999999999982e-01 8.040000000000000480e-01
1.287235880554829645e-03 2.760354317691676024e-02 9.935000000000000497e-01 8.219999999999999529e-01
1.266382728304419518e-03 2.905944798692198031e-02 9.935000000000000497e-01 8.209999999999999520e-01
1.446849049566078724e-03 2.956915526998531163e-02 9.929999999999999938e-01 8.189999999999999503e-01
4.967686177505142332e-03 3.076503771132364437e-02 9.695000000000000284e-01 8.060000000000000497e-01
6.363034579791267131e-03 3.173303983800707107e-02 9.629999999999999671e-01 8.060000000000000497e-01
7.489917115146106424e-04 2.876668309346467126e-02 9.969999999999999973e-01 8.219999999999999529e-01
3.321292801250567625e-03 3.066232813767480817e-02 9.799999999999999822e-01 8.120000000000000551e-01
1.935780792180539275e-03 2.908324610372484825e-02 9.905000000000000471e-01 8.239999999999999547e-01
4.779223491139492660e-04 2.869288128203648439e-02 9.995000000000000551e-01 8.189999999999999503e-01
5.258591263433176925e-04 2.885115312415587052e-02 9.979999999999999982e-01 8.159999999999999476e-01
2.452678934730594378e-03 3.004011228729416838e-02 9.859999999999999876e-01 8.199999999999999512e-01
4.006646730784260355e-03 3.069338943590359595e-02 9.745000000000000329e-01 8.110000000000000542e-01
5.997594017928779960e-04 2.817928992413834544e-02 9.979999999999999982e-01 8.239999999999999547e-01
9.309410001096951473e-04 2.912170614985823761e-02 9.959999999999999964e-01 8.129999999999999449e-01
1.167386839359754085e-03 2.879227988273817124e-02 9.955000000000000515e-01 8.139999999999999458e-01
2.226095272938395826e-03 3.035155751858026676e-02 9.865000000000000435e-01 7.990000000000000435e-01
1.316693529215016934e-03 2.855414340307492471e-02 9.955000000000000515e-01 8.120000000000000551e-01
1.728652464799464552e-03 2.823852577237129929e-02 9.905000000000000471e-01 8.279999999999999583e-01
8.165393881816188169e-04 2.797107649838196861e-02 9.965000000000000524e-01 8.199999999999999512e-01
7.636643419053318988e-04 2.807844444089757294e-02 9.965000000000000524e-01 8.209999999999999520e-01
1.364147892398874214e-03 2.907631386471097590e-02 9.935000000000000497e-01 8.239999999999999547e-01
6.799310795324608504e-04 2.851379144765096504e-02 9.979999999999999982e-01 8.179999999999999494e-01
2.230194290008946992e-03 3.009232657787952805e-02 9.879999999999999893e-01 8.159999999999999476e-01
2.736526096662787125e-03 2.944233312480637813e-02 9.855000000000000426e-01 8.219999999999999529e-01
5.053651103916594880e-04 2.813653133406286352e-02 9.989999999999999991e-01 8.209999999999999520e-01
4.977844968281946092e-04 2.849549048583495392e-02 9.979999999999999982e-01 8.209999999999999520e-01
4.615805946480881035e-04 2.906743046061442334e-02 9.979999999999999982e-01 8.129999999999999449e-01
8.381230691282946397e-04 2.948080780211240551e-02 9.975000000000000533e-01 8.169999999999999485e-01
1.000930783915054099e-03 2.888861490919862260e-02 9.969999999999999973e-01 8.169999999999999485e-01
2.375782712910942847e-03 2.958118279495394742e-02 9.855000000000000426e-01 8.219999999999999529e-01
3.523008757164325811e-03 3.044569776593859800e-02 9.775000000000000355e-01 8.209999999999999520e-01
2.069824322619454211e-03 2.845178192579883233e-02 9.895000000000000462e-01 8.189999999999999503e-01
1.206060615079039252e-03 2.955738191565049008e-02 9.935000000000000497e-01 8.129999999999999449e-01
3.630575950996402755e-03 3.077413262971832181e-02 9.739999999999999769e-01 8.050000000000000488e-01
7.033905341396547335e-04 2.803285855797504889e-02 9.975000000000000533e-01 8.199999999999999512e-01
1.283966759200539775e-03 2.965649817276961447e-02 9.935000000000000497e-01 8.120000000000000551e-01
3.028697754817745967e-03 3.017679413532895968e-02 9.805000000000000382e-01 8.129999999999999449e-01
7.508433827705966387e-04 2.809507589831117258e-02 9.975000000000000533e-01 8.209999999999999520e-01
1.488257665018212798e-03 2.890371090334290308e-02 9.915000000000000480e-01 8.199999999999999512e-01
1.049103891734927668e-03 2.866166201051047538e-02 9.955000000000000515e-01 8.149999999999999467e-01
3.240003037673045653e-03 3.003784495797511347e-02 9.819999999999999840e-01 8.179999999999999494e-01
5.991298475845834677e-04 2.721651516832214457e-02 9.979999999999999982e-01 8.319999999999999618e-01
1.124907539490940496e-03 2.892712266298299098e-02 9.949999999999999956e-01 8.269999999999999574e-01
1.760732454473640674e-03 2.803616005213872830e-02 9.899999999999999911e-01 8.249999999999999556e-01
3.089462396682825002e-04 2.866813242438191744e-02 9.995000000000000551e-01 8.209999999999999520e-01
4.804973552910411392e-04 2.809812402833814990e-02 9.975000000000000533e-01 8.249999999999999556e-01
9.268775875992991834e-04 2.896698141272328886e-02 9.949999999999999956e-01 8.199999999999999512e-01
3.325655865319675566e-03 3.008060959404549456e-02 9.785000000000000364e-01 8.149999999999999467e-01
1.078281361287245508e-03 2.853402093531107186e-02 9.925000000000000488e-01 8.239999999999999547e-01
7.392413834159611633e-04 2.893443063643906521e-02 9.965000000000000524e-01 8.139999999999999458e-01
9.107715101630100337e-04 3.013430229928760681e-02 9.965000000000000524e-01 8.100000000000000533e-01
5.998864255377450109e-04 2.977175700116962281e-02 9.979999999999999982e-01 8.080000000000000515e-01
6.101675894656708289e-04 2.941365323671063167e-02 9.975000000000000533e-01 8.189999999999999503e-01
1.295969237359608861e-03 2.915083480516548337e-02 9.925000000000000488e-01 8.159999999999999476e-01
1.535685386283838424e-03 3.061468594354777722e-02 9.909999999999999920e-01 8.040000000000000480e-01
4.369967256044911394e-04 2.982793239388957518e-02 9.985000000000000542e-01 8.050000000000000488e-01
3.528158650881252530e-03 3.145176824462830867e-02 9.765000000000000346e-01 8.060000000000000497e-01
3.161121431736950253e-04 2.833547173435447750e-02 1.000000000000000000e+00 8.229999999999999538e-01
2.735101362752434518e-04 2.826654719030153098e-02 9.995000000000000551e-01 8.259999999999999565e-01
1.526165861441089368e-03 2.944765239711636534e-02 9.899999999999999911e-01 8.209999999999999520e-01
8.905338521437947564e-04 2.994900427840216720e-02 9.965000000000000524e-01 8.080000000000000515e-01
4.713114726137861664e-03 2.965140338626423913e-02 9.715000000000000302e-01 8.129999999999999449e-01
1.252149850007480344e-03 2.862695986470703904e-02 9.925000000000000488e-01 8.169999999999999485e-01
9.734964523221768026e-04 2.887321203262370115e-02 9.955000000000000515e-01 8.209999999999999520e-01
2.930741964165246502e-03 2.935187465804050405e-02 9.845000000000000417e-01 8.159999999999999476e-01
1.860055634364261206e-03 2.907455561059668972e-02 9.919999999999999929e-01 8.149999999999999467e-01
1.060742379978000171e-03 2.877445862342764907e-02 9.949999999999999956e-01 8.169999999999999485e-01
6.951833285121407097e-04 2.819329411900455343e-02 9.969999999999999973e-01 8.239999999999999547e-01
1.269621701575907253e-03 2.960106155859712485e-02 9.929999999999999938e-01 8.179999999999999494e-01
7.462457290717880573e-04 2.849604550884131393e-02 9.955000000000000515e-01 8.269999999999999574e-01
5.934296247909474561e-03 3.294965911475754988e-02 9.625000000000000222e-01 7.960000000000000409e-01
4.472477499755661209e-03 3.067937653491967925e-02 9.705000000000000293e-01 8.139999999999999458e-01
1.428271249310417851e-03 2.974588456798074945e-02 9.929999999999999938e-01 8.129999999999999449e-01
9.547262477872861660e-04 2.879093493452263008e-02 9.979999999999999982e-01 8.179999999999999494e-01
3.595512777108714978e-03 3.083243061093524084e-02 9.785000000000000364e-01 8.080000000000000515e-01
2.914142579399752451e-04 2.785652992680208440e-02 1.000000000000000000e+00 8.259999999999999565e-01
3.234658203331001623e-04 2.810989138218181541e-02 9.995000000000000551e-01 8.209999999999999520e-01
3.157673865675209956e-04 2.893095338947091616e-02 9.989999999999999991e-01 8.149999999999999467e-01
2.115083493350910550e-04 2.773365588802833431e-02 9.995000000000000551e-01 8.239999999999999547e-01
6.646897358426004940e-04 2.826426903088108747e-02 9.965000000000000524e-01 8.269999999999999574e-01
9.936917283022168174e-04 2.916789868789406229e-02 9.959999999999999964e-01 8.249999999999999556e-01
4.142120082723987277e-04 2.856068957650504184e-02 9.995000000000000551e-01 8.239999999999999547e-01
3.949583266106626101e-04 2.831543581931051171e-02 9.989999999999999991e-01 8.169999999999999485e-01
2.438158248368091450e-03 2.878314819777457248e-02 9.869999999999999885e-01 8.120000000000000551e-01
2.885006783368399517e-04 2.773958225384671322e-02 1.000000000000000000e+00 8.289999999999999591e-01
1.327378024891429998e-03 2.857778937159550364e-02 9.949999999999999956e-01 8.229999999999999538e-01
7.199268026525350046e-04 2.953819574160446507e-02 9.985000000000000542e-01 8.179999999999999494e-01
5.516919328623398795e-04 2.869462096580987359e-02 9.979999999999999982e-01 8.229999999999999538e-01
1.607832772069296007e-02 3.984220951203763100e-02 9.014999999999999680e-01 7.720000000000000195e-01
9.035904364659142060e-04 2.791455351208519883e-02 9.965000000000000524e-01 8.199999999999999512e-01
2.901945559311228801e-04 2.925635726696198050e-02 9.995000000000000551e-01 8.129999999999999449e-01
4.742609889750820824e-03 2.978935202178951275e-02 9.719999999999999751e-01 8.120000000000000551e-01
5.195117626374028347e-04 2.878207214911919845e-02 9.975000000000000533e-01 8.229999999999999538e-01
2.518421616173173536e-04 2.845289925404597547e-02 1.000000000000000000e+00 8.169999999999999485e-01
1.288561701071597827e-03 2.966402008037240939e-02 9.919999999999999929e-01 8.209999999999999520e-01
8.058357950573166121e-04 2.868543352492314291e-02 9.969999999999999973e-01 8.219999999999999529e-01
4.047483113260118455e-03 3.229379029763533582e-02 9.745000000000000329e-01 8.010000000000000453e-01
3.584887353454001453e-04 2.816354018909237450e-02 9.995000000000000551e-01 8.169999999999999485e-01
3.499170615154510028e-03 3.216901893874107854e-02 9.775000000000000355e-01 8.060000000000000497e-01
4.533454733509182126e-04 2.882891824421775565e-02 9.989999999999999991e-01 8.129999999999999449e-01
1.373434682875749420e-03 2.950111292195332913e-02 9.939999999999999947e-01 8.169999999999999485e-01
2.550875169057575855e-03 3.031306445609428801e-02 9.839999999999999858e-01 8.030000000000000471e-01
4.821598342077674420e-04 2.924417418629906770e-02 9.985000000000000542e-01 8.159999999999999476e-01
7.672579473359990646e-04 3.019850871224202815e-02 9.975000000000000533e-01 8.050000000000000488e-01
3.191163602677349548e-04 2.838554101557289044e-02 1.000000000000000000e+00 8.239999999999999547e-01
2.188827759430032058e-04 2.873507780611165088e-02 9.989999999999999991e-01 8.209999999999999520e-01
4.357174712635221783e-03 3.074671902730096926e-02 9.775000000000000355e-01 8.080000000000000515e-01
3.138898748181219445e-03 3.049322940205202032e-02 9.805000000000000382e-01 8.129999999999999449e-01
1.018423809804788619e-03 2.910499565529753307e-02 9.969999999999999973e-01 8.219999999999999529e-01
8.717219849465374136e-04 2.843705500023776742e-02 9.959999999999999964e-01 8.259999999999999565e-01
2.706872651396483335e-04 2.851328081665624112e-02 1.000000000000000000e+00 8.259999999999999565e-01
1.852567818730311796e-04 2.787005560951108171e-02 9.995000000000000551e-01 8.219999999999999529e-01
1.489835184148527274e-03 2.931737192703275791e-02 9.909999999999999920e-01 8.209999999999999520e-01
5.441690037203091631e-04 2.806404012804091658e-02 9.975000000000000533e-01 8.229999999999999538e-01
8.812842061062560592e-04 3.038939050382131676e-02 9.955000000000000515e-01 8.090000000000000524e-01
2.487333352749776538e-04 2.823878147882838766e-02 1.000000000000000000e+00 8.229999999999999538e-01
5.367217987651914761e-03 3.277059010897337421e-02 9.695000000000000284e-01 8.100000000000000533e-01
1.095310883906373389e-03 2.958832932626218742e-02 9.949999999999999956e-01 8.189999999999999503e-01
7.753839880663104507e-04 2.823391372773830302e-02 9.965000000000000524e-01 8.189999999999999503e-01
3.899053178833959449e-04 2.821255519587827568e-02 9.985000000000000542e-01 8.179999999999999494e-01
3.562439453332057367e-03 3.200824761103437249e-02 9.769999999999999796e-01 8.169999999999999485e-01
3.452177585059992490e-03 3.098839294842015840e-02 9.805000000000000382e-01 8.090000000000000524e-01
5.582934889717327490e-04 2.973721609939720956e-02 9.985000000000000542e-01 8.100000000000000533e-01
3.635580756579656798e-03 3.190154597721252261e-02 9.755000000000000338e-01 8.100000000000000533e-01
8.959023698733238790e-04 2.959901753981230427e-02 9.955000000000000515e-01 8.159999999999999476e-01
1.841232376977942941e-04 2.845265188516530805e-02 1.000000000000000000e+00 8.249999999999999556e-01
2.490416843736218550e-03 3.087299994149733662e-02 9.849999999999999867e-01 8.110000000000000542e-01
2.050682358273187283e-04 2.821929455214926621e-02 1.000000000000000000e+00 8.209999999999999520e-01
1.802607052974925786e-03 2.989015559824061488e-02 9.885000000000000453e-01 8.129999999999999449e-01
6.875805601302644636e-04 2.854343046348481114e-02 9.969999999999999973e-01 8.129999999999999449e-01
6.746163695088973908e-04 2.820325449706804349e-02 9.979999999999999982e-01 8.239999999999999547e-01
3.050146644223908484e-04 2.849900828239174816e-02 9.979999999999999982e-01 8.189999999999999503e-01
1.051661746833408876e-03 2.807282945143793271e-02 9.955000000000000515e-01 8.199999999999999512e-01
4.952802525685397195e-04 2.981071366537022330e-02 9.995000000000000551e-01 8.189999999999999503e-01
1.293662660833225925e-03 3.054569107082692053e-02 9.939999999999999947e-01 8.080000000000000515e-01
5.227840372738753799e-04 2.913872651276800535e-02 9.975000000000000533e-01 8.149999999999999467e-01
4.256799489996689403e-03 3.101466509344394384e-02 9.719999999999999751e-01 8.090000000000000524e-01
1.245371076302294452e-03 2.912772586148853343e-02 9.945000000000000506e-01 8.120000000000000551e-01
1.786904201092648576e-03 2.962727464278631928e-02 9.919999999999999929e-01 8.070000000000000506e-01
1.161905529150803655e-03 2.953095825818440393e-02 9.925000000000000488e-01 8.090000000000000524e-01
2.129421228879235274e-03 2.896622712533764368e-02 9.879999999999999893e-01 8.219999999999999529e-01
1.122220517962772227e-03 2.858529281460604407e-02 9.945000000000000506e-01 8.199999999999999512e-01
9.708948530084125263e-04 2.861898979501708087e-02 9.965000000000000524e-01 8.129999999999999449e-01
2.400729731870986008e-03 3.105054281477489381e-02 9.885000000000000453e-01 8.050000000000000488e-01
8.142070288585775886e-04 2.964990955787001614e-02 9.959999999999999964e-01 8.100000000000000533e-01
7.553838996139033242e-04 2.811729811676725449e-02 9.979999999999999982e-01 8.169999999999999485e-01
2.115295481053639794e-04 2.847115781261698453e-02 9.995000000000000551e-01 8.189999999999999503e-01
1.097695394759507295e-03 3.016481212874270318e-02 9.945000000000000506e-01 8.159999999999999476e-01
2.473992501355036532e-04 2.941177535998456410e-02 9.995000000000000551e-01 8.159999999999999476e-01
5.226330131915852975e-04 3.055755163769198826e-02 9.979999999999999982e-01 8.179999999999999494e-01
2.286644498141068328e-03 3.055400844033142813e-02 9.869999999999999885e-01 8.090000000000000524e-01
5.791892216702605170e-04 2.835099946907039190e-02 9.975000000000000533e-01 8.139999999999999458e-01
2.228380432192485650e-03 3.028609196128524694e-02 9.855000000000000426e-01 8.199999999999999512e-01
4.671411467276910512e-04 2.883481546660887629e-02 9.985000000000000542e-01 8.199999999999999512e-01
6.483519438978197413e-04 2.778202799423087205e-02 9.975000000000000533e-01 8.279999999999999583e-01
1.243701531093407585e-03 2.900364644336559522e-02 9.955000000000000515e-01 8.239999999999999547e-01
6.199610411230744916e-04 2.805552240216171653e-02 9.975000000000000533e-01 8.219999999999999529e-01
1.093977479729148434e-03 2.909709490639918530e-02 9.945000000000000506e-01 8.219999999999999529e-01
1.028341192739114706e-03 2.702751959249761332e-02 9.955000000000000515e-01 8.339999999999999636e-01
2.665803518504189680e-03 3.163585744089870977e-02 9.829999999999999849e-01 8.139999999999999458e-01
1.678964312070059701e-03 2.907641912287803679e-02 9.899999999999999911e-01 8.259999999999999565e-01
5.143914432088416994e-04 2.895917951620890010e-02 9.979999999999999982e-01 8.209999999999999520e-01
3.834198164611768260e-03 3.358512774666334855e-02 9.779999999999999805e-01 8.020000000000000462e-01
5.816778533821614396e-04 2.870504648749485493e-02 9.969999999999999973e-01 8.189999999999999503e-01
2.947808900442703476e-04 2.881973114496289706e-02 9.989999999999999991e-01 8.249999999999999556e-01
3.078682528640310900e-03 3.077123674799892711e-02 9.785000000000000364e-01 8.090000000000000524e-01
5.566911595932184584e-03 3.092172863718928300e-02 9.629999999999999671e-01 8.179999999999999494e-01
4.051263423955547144e-03 3.224150123597136625e-02 9.759999999999999787e-01 7.990000000000000435e-01
9.179356411526194259e-04 2.929834435054119723e-02 9.955000000000000515e-01 8.199999999999999512e-01
8.074436786174895957e-04 2.922379139999512279e-02 9.975000000000000533e-01 8.129999999999999449e-01
1.208657608296482546e-03 2.912403150559168818e-02 9.929999999999999938e-01 8.209999999999999520e-01
5.663510174615924873e-04 2.858493443836786219e-02 9.979999999999999982e-01 8.139999999999999458e-01
3.401964194650493583e-04 2.824543553402156584e-02 9.995000000000000551e-01 8.299999999999999600e-01
3.942486452032980745e-03 3.142723205171061435e-02 9.765000000000000346e-01 8.090000000000000524e-01
5.006470175697612986e-04 2.870231203141116252e-02 9.969999999999999973e-01 8.199999999999999512e-01
9.624883428715520642e-04 3.029083893401456062e-02 9.959999999999999964e-01 8.080000000000000515e-01
1.109102024833347232e-03 3.039647338191615519e-02 9.925000000000000488e-01 8.040000000000000480e-01
8.545759707859746073e-04 2.888229773914192250e-02 9.949999999999999956e-01 8.219999999999999529e-01
6.731142800751960470e-04 2.836801327423467411e-02 9.969999999999999973e-01 8.259999999999999565e-01
5.766139061288234674e-04 2.890810090831442275e-02 9.969999999999999973e-01 8.159999999999999476e-01
1.009644645185431462e-02 3.420092292068650092e-02 9.354999999999999982e-01 7.910000000000000364e-01
1.209146020678050987e-03 2.895837365202535291e-02 9.945000000000000506e-01 8.169999999999999485e-01
6.426761009161167286e-04 2.723179102510407679e-02 9.969999999999999973e-01 8.219999999999999529e-01
1.589855024148744463e-03 2.895987154623681434e-02 9.905000000000000471e-01 8.209999999999999520e-01
1.631394699028295304e-03 2.996054699927398757e-02 9.915000000000000480e-01 8.189999999999999503e-01
2.804484386518533751e-04 2.837107871619728647e-02 9.995000000000000551e-01 8.189999999999999503e-01
4.160779146580312750e-04 2.999086057097203467e-02 9.995000000000000551e-01 8.120000000000000551e-01
1.584823411520559560e-03 2.938583155328111651e-02 9.899999999999999911e-01 8.179999999999999494e-01
1.094394717420491990e-03 3.073704352088679412e-02 9.955000000000000515e-01 8.120000000000000551e-01
4.937566841020085825e-04 2.943929218347508467e-02 9.979999999999999982e-01 8.070000000000000506e-01
5.218770399971052985e-03 3.219283329843113106e-02 9.685000000000000275e-01 8.080000000000000515e-01
4.385462089326489475e-03 3.245910134115734258e-02 9.689999999999999725e-01 8.040000000000000480e-01
2.705938733910854144e-03 3.029882916476364998e-02 9.835000000000000409e-01 8.080000000000000515e-01
8.797833061420939644e-04 2.810092318270867445e-02 9.959999999999999964e-01 8.229999999999999538e-01
5.902756412477198769e-04 2.875700909269517103e-02 9.989999999999999991e-01 8.179999999999999494e-01
2.300401482689946268e-03 2.882866067789525630e-02 9.869999999999999885e-01 8.239999999999999547e-01
2.919053292692029588e-04 2.876114292171507575e-02 1.000000000000000000e+00 8.169999999999999485e-01
1.804838420550415904e-03 3.051395700903388603e-02 9.885000000000000453e-01 8.169999999999999485e-01
1.343321062749415224e-03 2.949131437252472052e-02 9.925000000000000488e-01 8.219999999999999529e-01
9.412948477308304834e-04 2.917538648041845609e-02 9.959999999999999964e-01 8.199999999999999512e-01
4.328658937613867282e-04 2.865791532463737856e-02 9.979999999999999982e-01 8.219999999999999529e-01
3.266982074457177167e-04 2.875051473683968087e-02 9.989999999999999991e-01 8.189999999999999503e-01
3.797784247318221362e-04 2.798366986939133938e-02 9.989999999999999991e-01 8.299999999999999600e-01
7.160921803812197138e-04 2.790717879007037841e-02 9.959999999999999964e-01 8.249999999999999556e-01
3.064097859401797123e-03 2.922153962396155380e-02 9.799999999999999822e-01 8.239999999999999547e-01
3.791580100370194376e-04 2.821446339965107825e-02 9.995000000000000551e-01 8.229999999999999538e-01
6.547980770727402809e-04 2.882901159450919001e-02 9.975000000000000533e-01 8.219999999999999529e-01
4.055391351791084206e-04 2.820257325446713301e-02 9.965000000000000524e-01 8.229999999999999538e-01
2.248233005442147256e-03 3.092934662125389894e-02 9.839999999999999858e-01 8.100000000000000533e-01
1.619594882306856832e-04 2.846197997948142489e-02 9.995000000000000551e-01 8.219999999999999529e-01
1.597989359258953062e-03 3.027263483100313055e-02 9.899999999999999911e-01 8.149999999999999467e-01
1.657436898615356584e-03 2.785297452655845565e-02 9.915000000000000480e-01 8.229999999999999538e-01
1.872149365521755694e-03 2.973307706927097449e-02 9.885000000000000453e-01 8.129999999999999449e-01
1.333378922635377033e-03 2.846307816336967125e-02 9.945000000000000506e-01 8.169999999999999485e-01
2.799541551098803753e-03 3.145646126710882617e-02 9.845000000000000417e-01 8.090000000000000524e-01
4.630866831825507105e-04 2.876197170973679093e-02 9.979999999999999982e-01 8.139999999999999458e-01
2.841330791020823046e-04 2.890098498754159126e-02 9.995000000000000551e-01 8.249999999999999556e-01
3.738723822573891166e-03 3.153383055877996555e-02 9.765000000000000346e-01 8.129999999999999449e-01
4.767485423288190215e-03 3.218518200790283085e-02 9.669999999999999707e-01 8.060000000000000497e-01
1.569709794415696498e-03 2.996443019278760903e-02 9.909999999999999920e-01 8.129999999999999449e-01
1.552635825082220337e-03 2.965955350510279115e-02 9.909999999999999920e-01 8.199999999999999512e-01
1.991908747861784678e-04 2.807708814838462755e-02 9.989999999999999991e-01 8.279999999999999583e-01
1.730730556732677956e-03 2.919973540236986756e-02 9.899999999999999911e-01 8.189999999999999503e-01
6.394673562663959502e-04 2.952790110055977801e-02 9.969999999999999973e-01 8.110000000000000542e-01
2.311849938626801707e-04 2.718960511576335587e-02 9.995000000000000551e-01 8.209999999999999520e-01
4.375090187897508198e-03 3.094125307353795193e-02 9.735000000000000320e-01 8.110000000000000542e-01
4.270551514704849414e-04 2.911232364981663698e-02 9.979999999999999982e-01 8.149999999999999467e-01
1.915049465985446133e-04 2.892640728025781469e-02 9.989999999999999991e-01 8.149999999999999467e-01
3.639927577528542183e-04 2.980705184314223419e-02 9.985000000000000542e-01 8.239999999999999547e-01
1.349229212979766385e-03 2.927481544265717744e-02 9.925000000000000488e-01 8.159999999999999476e-01
1.086247890088911467e-03 2.972345359589239830e-02 9.939999999999999947e-01 8.189999999999999503e-01
4.026457113148206729e-03 3.093252560407393215e-02 9.739999999999999769e-01 8.050000000000000488e-01
8.117837429843863120e-04 2.886748614981485273e-02 9.975000000000000533e-01 8.169999999999999485e-01
9.879941538613653401e-04 3.043935953938987568e-02 9.959999999999999964e-01 8.100000000000000533e-01
1.255422430815047010e-03 2.999617409883995750e-02 9.905000000000000471e-01 8.189999999999999503e-01
1.104798456786671573e-03 3.017990591469008402e-02 9.935000000000000497e-01 8.199999999999999512e-01
2.977466787857301978e-04 2.821965635808171627e-02 1.000000000000000000e+00 8.249999999999999556e-01
3.554407338701706860e-04 2.807456476845312035e-02 9.995000000000000551e-01 8.259999999999999565e-01
1.141200295329331178e-04 2.893025021238918373e-02 1.000000000000000000e+00 8.179999999999999494e-01
5.038383631717120899e-03 3.165377768064631114e-02 9.679999999999999716e-01 8.050000000000000488e-01
1.626161042940521897e-03 3.094725049636481984e-02 9.915000000000000480e-01 8.149999999999999467e-01
1.715429328914120418e-03 2.955748058315244703e-02 9.895000000000000462e-01 8.169999999999999485e-01
4.139240219132157492e-03 3.049426733582158780e-02 9.739999999999999769e-01 8.129999999999999449e-01
8.275853125226778064e-04 2.896822103289399541e-02 9.975000000000000533e-01 8.159999999999999476e-01
1.995889196796193259e-04 2.878891106908645220e-02 1.000000000000000000e+00 8.239999999999999547e-01
3.437679050755905138e-04 2.901904884447882235e-02 9.995000000000000551e-01 8.149999999999999467e-01
4.889374491387197576e-04 2.997821464516168405e-02 9.989999999999999991e-01 8.149999999999999467e-01
1.274696695543013343e-04 2.799775736013249486e-02 1.000000000000000000e+00 8.249999999999999556e-01
1.428470366387993989e-04 2.850077676399015436e-02 1.000000000000000000e+00 8.199999999999999512e-01
9.257409004703161335e-04 3.111170546325657191e-02 9.949999999999999956e-01 8.040000000000000480e-01
1.608166048799076770e-04 2.864439524744442564e-02 1.000000000000000000e+00 8.179999999999999494e-01
8.873848860631187779e-04 2.952389802377732020e-02 9.949999999999999956e-01 8.139999999999999458e-01
4.189248253573530354e-04 2.835471572591473019e-02 9.979999999999999982e-01 8.239999999999999547e-01
1.933888905320621944e-04 2.949413621489329132e-02 9.995000000000000551e-01 8.139999999999999458e-01
1.217197821178878743e-03 3.029379107320823855e-02 9.945000000000000506e-01 8.020000000000000462e-01
1.671342207822529562e-04 2.795596485736887016e-02 1.000000000000000000e+00 8.249999999999999556e-01
4.623530700272836507e-04 2.980507755879726120e-02 9.985000000000000542e-01 8.149999999999999467e-01
1.457978850434281121e-04 2.853428953712589672e-02 1.000000000000000000e+00 8.239999999999999547e-01
1.573215328935536348e-03 3.049894268394322261e-02 9.925000000000000488e-01 8.149999999999999467e-01
4.351520360169067528e-04 2.821847406917483980e-02 9.975000000000000533e-01 8.189999999999999503e-01
