9.016572261278024691e-02 9.015657537934537724e-02 2.434999999999999942e-01 2.179999999999999993e-01
8.850973855070762286e-02 8.866168337497304375e-02 3.785000000000000031e-01 3.760000000000000009e-01
8.429610283759911282e-02 8.442540545166984933e-02 5.759999999999999565e-01 5.620000000000000551e-01
7.716913947701099785e-02 7.746898838462998316e-02 4.405000000000000027e-01 4.249999999999999889e-01
6.789999449607232729e-02 6.881632705068214950e-02 6.384999999999999565e-01 6.099999999999999867e-01
6.237382845525724084e-02 6.294250397908753014e-02 6.700000000000000400e-01 6.610000000000000320e-01
5.696130677255016594e-02 5.824375274840300903e-02 6.480000000000000204e-01 6.280000000000000027e-01
4.944296982203019025e-02 5.084249172087378088e-02 6.760000000000000453e-01 6.750000000000000444e-01
4.815720851309240880e-02 4.896329122795730487e-02 6.680000000000000382e-01 6.630000000000000338e-01
4.307672851232217937e-02 4.454728727794168147e-02 7.209999999999999742e-01 7.019999999999999574e-01
4.183755170408236246e-02 4.355665340621436149e-02 7.189999999999999725e-01 6.989999999999999547e-01
4.150972791532871187e-02 4.358752777272627277e-02 7.359999999999999876e-01 7.249999999999999778e-01
4.109799808992975478e-02 4.376631819836271364e-02 7.445000000000000506e-01 7.159999999999999698e-01
4.169370073803680549e-02 4.389246608706660890e-02 7.169999999999999707e-01 6.979999999999999538e-01
3.847728695442524660e-02 4.080177126439825386e-02 7.489999999999999991e-01 7.249999999999999778e-01
3.972588364069430666e-02 4.268093385029606002e-02 7.209999999999999742e-01 7.019999999999999574e-01
3.584071156822991877e-02 3.863649189276086027e-02 7.594999999999999529e-01 7.369999999999999885e-01
3.676575600676909583e-02 3.993126854188185776e-02 7.550000000000000044e-01 7.249999999999999778e-01
3.562314805000416779e-02 3.908589900287864904e-02 7.660000000000000142e-01 7.309999999999999831e-01
3.355550339615688549e-02 3.730291570111292365e-02 7.844999999999999751e-01 7.570000000000000062e-01
3.417516847803556829e-02 3.771354040583726336e-02 7.630000000000000115e-01 7.339999999999999858e-01
3.748522811939124927e-02 4.142269665721451388e-02 7.435000000000000497e-01 7.099999999999999645e-01
3.428848742225795720e-02 3.876998790831770458e-02 7.874999999999999778e-01 7.459999999999999964e-01
3.239428756727463776e-02 3.700174574918169146e-02 7.904999999999999805e-01 7.479999999999999982e-01
3.351260100644896239e-02 3.805241210434640725e-02 7.750000000000000222e-01 7.419999999999999929e-01
3.142900413379718511e-02 3.604575679480374883e-02 7.990000000000000435e-01 7.610000000000000098e-01
3.156527627477140330e-02 3.618535163782336112e-02 7.900000000000000355e-01 7.580000000000000071e-01
2.872283066512891156e-02 3.382209939950318184e-02 8.165000000000000036e-01 7.770000000000000240e-01
2.987808401821800963e-02 3.533540297048565204e-02 8.259999999999999565e-01 7.690000000000000169e-01
3.070677134558721239e-02 3.528275273990966188e-02 7.880000000000000338e-01 7.540000000000000036e-01
3.071757269755639314e-02 3.673568798629150978e-02 8.125000000000000000e-01 7.700000000000000178e-01
3.041643868309687471e-02 3.567884258317933349e-02 7.994999999999999885e-01 7.640000000000000124e-01
2.791865791202919125e-02 3.407673496447818917e-02 8.209999999999999520e-01 7.700000000000000178e-01
3.056375673282381647e-02 3.692289037803199447e-02 8.155000000000000027e-01 7.600000000000000089e-01
2.679524593969920265e-02 3.265373566505293257e-02 8.269999999999999574e-01 7.830000000000000293e-01
2.951155981371951509e-02 3.505658563548749718e-02 8.000000000000000444e-01 7.590000000000000080e-01
2.787642209120756373e-02 3.395406617619842193e-02 8.285000000000000142e-01 7.820000000000000284e-01
2.870810101131259645e-02 3.460647642523316525e-02 8.179999999999999494e-01 7.660000000000000142e-01
2.810675800699371021e-02 3.399393303113815157e-02 8.094999999999999973e-01 7.650000000000000133e-01
2.697508097209014993e-02 3.381970026129090673e-02 8.349999999999999645e-01 7.720000000000000195e-01
2.822375324685752473e-02 3.423811493593312272e-02 8.195000000000000062e-01 7.670000000000000151e-01
2.639846092604343497e-02 3.269159531799228219e-02 8.345000000000000195e-01 7.740000000000000213e-01
2.744482680363164590e-02 3.314100400676800451e-02 8.149999999999999467e-01 7.830000000000000293e-01
2.610739183989296136e-02 3.245450468935199423e-02 8.379999999999999671e-01 7.820000000000000284e-01
2.565491145847099627e-02 3.193322822721664928e-02 8.249999999999999556e-01 7.900000000000000355e-01
2.707305057767414938e-02 3.315128463837554301e-02 8.399999999999999689e-01 7.830000000000000293e-01
2.734640817086879047e-02 3.354079535558069508e-02 8.195000000000000062e-01 7.820000000000000284e-01
2.719883896862999167e-02 3.369356093509669192e-02 8.195000000000000062e-01 7.760000000000000231e-01
2.620699577286192752e-02 3.216599420568491685e-02 8.319999999999999618e-01 7.920000000000000373e-01
2.462764311698159916e-02 3.154341008310672378e-02 8.519999999999999796e-01 7.980000000000000426e-01
2.539541764417729136e-02 3.187000340385101604e-02 8.399999999999999689e-01 7.890000000000000346e-01
2.410152687827708806e-02 3.072509868804064459e-02 8.425000000000000266e-01 7.860000000000000320e-01
2.569513780269547937e-02 3.293190631678780816e-02 8.449999999999999734e-01 7.910000000000000364e-01
2.491930118047232245e-02 3.172880284703805120e-02 8.325000000000000178e-01 7.950000000000000400e-01
2.487531369925152780e-02 3.287133194609776626e-02 8.435000000000000275e-01 7.790000000000000258e-01
2.433686153535760330e-02 3.178558179868317540e-02 8.505000000000000338e-01 7.980000000000000426e-01
2.312976430684791571e-02 3.048543279259592273e-02 8.589999999999999858e-01 8.030000000000000471e-01
2.629288063941656248e-02 3.346866929640602423e-02 8.279999999999999583e-01 7.800000000000000266e-01
2.403332697774712701e-02 3.167920619568639906e-02 8.475000000000000311e-01 7.970000000000000417e-01
2.348753431599908889e-02 3.145234603357850711e-02 8.445000000000000284e-01 7.920000000000000373e-01
2.342298363009371123e-02 3.112355729980463906e-02 8.559999999999999831e-01 7.880000000000000338e-01
2.514992945431722068e-02 3.286815994306738903e-02 8.455000000000000293e-01 7.830000000000000293e-01
2.476913236516913377e-02 3.331119376304251395e-02 8.519999999999999796e-01 7.890000000000000346e-01
2.372058277667077331e-02 3.109297550088219175e-02 8.419999999999999707e-01 7.860000000000000320e-01
2.375640688982530793e-02 3.161947696885183956e-02 8.555000000000000382e-01 7.920000000000000373e-01
2.296296464967674533e-02 3.090418075697079492e-02 8.539999999999999813e-01 7.990000000000000435e-01
2.343648877548920248e-02 3.069958031935908147e-02 8.509999999999999787e-01 7.930000000000000382e-01
2.239283081306323031e-02 3.053941644498520472e-02 8.609999999999999876e-01 8.000000000000000444e-01
2.385619131123829437e-02 3.143882314989104865e-02 8.475000000000000311e-01 8.050000000000000488e-01
2.298304808673262700e-02 3.130040687765630464e-02 8.615000000000000435e-01 8.040000000000000480e-01
2.378032605799097754e-02 3.132744500542358757e-02 8.375000000000000222e-01 7.960000000000000409e-01
2.263693071503836488e-02 3.066830376421590329e-02 8.599999999999999867e-01 8.040000000000000480e-01
2.232700002412291163e-02 3.045030114471608193e-02 8.599999999999999867e-01 8.010000000000000453e-01
2.416771263315043577e-02 3.217693010696424244e-02 8.445000000000000284e-01 8.000000000000000444e-01
2.382758602587854019e-02 3.173879565679633280e-02 8.479999999999999760e-01 7.920000000000000373e-01
2.169040350341411641e-02 3.003378904263696511e-02 8.689999999999999947e-01 7.990000000000000435e-01
2.359922396153314034e-02 3.121133465604034388e-02 8.415000000000000258e-01 7.930000000000000382e-01
2.186443424004767822e-02 3.035263351073368143e-02 8.645000000000000462e-01 7.880000000000000338e-01
2.244339003288217324e-02 3.026933641818110865e-02 8.475000000000000311e-01 8.000000000000000444e-01
2.239979117153926766e-02 2.988414144039369322e-02 8.579999999999999849e-01 8.129999999999999449e-01
2.480184052139821488e-02 3.315785656952197069e-02 8.365000000000000213e-01 7.910000000000000364e-01
2.148722645820191554e-02 2.954611578391642263e-02 8.629999999999999893e-01 8.020000000000000462e-01
2.309548791099018741e-02 3.108449141032764915e-02 8.425000000000000266e-01 7.900000000000000355e-01
2.295764725018686891e-02 3.156210317197210430e-02 8.615000000000000435e-01 8.050000000000000488e-01
2.346386180364577398e-02 3.234625951975624719e-02 8.605000000000000426e-01 7.980000000000000426e-01
2.153169902969132715e-02 3.058991153561528911e-02 8.705000000000000515e-01 8.050000000000000488e-01
2.192078572892514760e-02 3.117352463336441060e-02 8.659999999999999920e-01 7.950000000000000400e-01
2.067821423864292865e-02 2.979253856850046581e-02 8.715000000000000524e-01 8.020000000000000462e-01
2.181362076420956600e-02 3.131600874132557666e-02 8.675000000000000488e-01 8.030000000000000471e-01
2.188284275605761886e-02 3.102917724166966151e-02 8.639999999999999902e-01 7.940000000000000391e-01
2.220027541860056242e-02 3.087239283716815622e-02 8.609999999999999876e-01 8.040000000000000480e-01
2.167303469685562603e-02 3.104093838229552912e-02 8.675000000000000488e-01 7.950000000000000400e-01
2.055281782355751138e-02 2.966280372082445715e-02 8.619999999999999885e-01 8.000000000000000444e-01
2.267466386283204308e-02 3.160753817945678723e-02 8.579999999999999849e-01 7.930000000000000382e-01
2.098738188614096209e-02 3.020870179432509975e-02 8.669999999999999929e-01 8.030000000000000471e-01
2.106550728531466146e-02 3.041548933020733411e-02 8.709999999999999964e-01 8.020000000000000462e-01
2.158496688998816013e-02 3.031474156868018896e-02 8.485000000000000320e-01 8.010000000000000453e-01
2.371316065158292699e-02 3.225093079011030067e-02 8.405000000000000249e-01 7.850000000000000311e-01
2.119312258657396822e-02 3.084143788225121585e-02 8.645000000000000462e-01 7.960000000000000409e-01
2.013125067661570081e-02 2.924508388385680877e-02 8.659999999999999920e-01 8.070000000000000506e-01
2.071216860919103744e-02 3.031649174272391112e-02 8.725000000000000533e-01 8.080000000000000515e-01
2.108529606125135805e-02 3.053116450587751302e-02 8.635000000000000453e-01 8.040000000000000480e-01
2.079926551504020574e-02 3.013398625670828807e-02 8.639999999999999902e-01 7.990000000000000435e-01
2.056215909076768503e-02 2.974184352586637520e-02 8.695000000000000506e-01 8.020000000000000462e-01
2.162370654835104461e-02 3.108967159934358099e-02 8.685000000000000497e-01 8.050000000000000488e-01
2.315272776092514376e-02 3.166577940123994211e-02 8.435000000000000275e-01 7.950000000000000400e-01
2.126889553367620339e-02 3.008893255876380485e-02 8.665000000000000480e-01 8.030000000000000471e-01
2.031958654640619172e-02 2.927299176676876821e-02 8.725000000000000533e-01 8.090000000000000524e-01
2.050818158115612008e-02 2.953597731346135208e-02 8.675000000000000488e-01 8.090000000000000524e-01
1.951142227581722718e-02 2.873242299702079630e-02 8.719999999999999973e-01 8.040000000000000480e-01
2.013840654416402046e-02 2.993539867983719890e-02 8.729999999999999982e-01 8.030000000000000471e-01
1.993348393818997893e-02 2.937274092284568663e-02 8.689999999999999947e-01 8.050000000000000488e-01
2.010926678646444976e-02 3.004060060455075384e-02 8.739999999999999991e-01 8.129999999999999449e-01
1.933596542117070258e-02 2.835122020762149628e-02 8.719999999999999973e-01 8.159999999999999476e-01
2.088335472045172239e-02 3.001014817710463342e-02 8.625000000000000444e-01 8.080000000000000515e-01
1.972934850221260555e-02 2.904021536388770933e-02 8.750000000000000000e-01 8.080000000000000515e-01
1.966001767824489613e-02 2.937142683469797996e-02 8.750000000000000000e-01 7.990000000000000435e-01
1.933090788066600327e-02 2.881860979846621179e-02 8.814999999999999503e-01 8.149999999999999467e-01
1.996981594838389759e-02 3.042188180951085896e-02 8.780000000000000027e-01 8.110000000000000542e-01
1.944130143960275114e-02 2.972950501929504455e-02 8.760000000000000009e-01 8.010000000000000453e-01
2.035151499792007060e-02 2.988450879454038200e-02 8.655000000000000471e-01 8.040000000000000480e-01
2.038643533453264947e-02 3.021529111064967174e-02 8.695000000000000506e-01 8.030000000000000471e-01
2.168037732569614087e-02 3.174463965130094184e-02 8.519999999999999796e-01 7.910000000000000364e-01
1.934497872718413808e-02 2.959455607491589743e-02 8.725000000000000533e-01 8.120000000000000551e-01
1.995917353478132358e-02 2.992004717602120972e-02 8.745000000000000551e-01 8.000000000000000444e-01
1.959411991320893567e-02 3.024277771193277509e-02 8.675000000000000488e-01 7.990000000000000435e-01
1.916146416194143901e-02 2.957601111895928614e-02 8.729999999999999982e-01 8.030000000000000471e-01
1.981240100310665067e-02 2.957287842689455132e-02 8.689999999999999947e-01 8.000000000000000444e-01
1.964754579404816986e-02 3.030990097919649892e-02 8.750000000000000000e-01 8.030000000000000471e-01
1.931825553488309907e-02 2.946040311789290683e-02 8.790000000000000036e-01 8.139999999999999458e-01
1.896761133802515528e-02 2.894410745954497169e-02 8.800000000000000044e-01 8.129999999999999449e-01
1.859857270798944903e-02 2.893212986840072026e-02 8.810000000000000053e-01 8.139999999999999458e-01
1.963813690296512329e-02 2.999374670339385179e-02 8.760000000000000009e-01 8.050000000000000488e-01
1.988901950175011452e-02 2.996581787528261945e-02 8.675000000000000488e-01 7.980000000000000426e-01
1.861470895965887731e-02 2.885727708149931486e-02 8.739999999999999991e-01 8.040000000000000480e-01
1.933012736756463401e-02 2.903369153578690479e-02 8.800000000000000044e-01 8.090000000000000524e-01
1.926202659089820343e-02 2.918501022119359203e-02 8.729999999999999982e-01 8.070000000000000506e-01
1.904126659570369931e-02 2.863961284330593035e-02 8.800000000000000044e-01 8.129999999999999449e-01
2.020851186214057613e-02 2.976206495108653372e-02 8.750000000000000000e-01 8.139999999999999458e-01
1.870723400385173110e-02 2.922060616161830868e-02 8.750000000000000000e-01 8.120000000000000551e-01
1.862959860080436875e-02 2.884338018786418781e-02 8.810000000000000053e-01 8.050000000000000488e-01
1.917396987501452862e-02 2.974555537563579669e-02 8.780000000000000027e-01 8.070000000000000506e-01
1.932607742816720361e-02 2.867976592484028364e-02 8.750000000000000000e-01 8.199999999999999512e-01
1.843650707471172767e-02 2.908545648382237711e-02 8.900000000000000133e-01 8.120000000000000551e-01
1.828173116124390610e-02 2.900183074316685025e-02 8.840000000000000080e-01 8.060000000000000497e-01
1.885949330426366088e-02 2.966741103359790341e-02 8.804999999999999494e-01 8.090000000000000524e-01
2.432617422505112953e-02 3.372205991690015864e-02 8.319999999999999618e-01 7.800000000000000266e-01
1.901060950697115726e-02 2.981743668048566012e-02 8.830000000000000071e-01 8.100000000000000533e-01
1.753621539745207208e-02 2.804504623975027575e-02 8.820000000000000062e-01 8.110000000000000542e-01
1.738001740431685538e-02 2.788469231120446756e-02 8.890000000000000124e-01 8.139999999999999458e-01
1.767899014225964363e-02 2.905268942632337550e-02 8.900000000000000133e-01 8.060000000000000497e-01
1.735868412971209793e-02 2.802920614822478410e-02 8.850000000000000089e-01 8.100000000000000533e-01
1.750039580124793104e-02 2.800305161166597931e-02 8.870000000000000107e-01 8.120000000000000551e-01
1.802414676389236733e-02 2.884938589003734760e-02 8.790000000000000036e-01 8.129999999999999449e-01
1.712158577778719742e-02 2.829235926270921506e-02 8.890000000000000124e-01 8.129999999999999449e-01
1.823638867502154828e-02 2.948640278093449252e-02 8.780000000000000027e-01 8.000000000000000444e-01
1.861333377154378646e-02 2.936730836278264242e-02 8.830000000000000071e-01 8.110000000000000542e-01
1.722324594788819316e-02 2.838336483236507043e-02 8.890000000000000124e-01 8.159999999999999476e-01
1.705684245727673645e-02 2.816706754951049316e-02 8.934999999999999609e-01 8.129999999999999449e-01
1.739423521715626961e-02 2.784332243733588300e-02 8.854999999999999538e-01 8.120000000000000551e-01
1.743562462714094360e-02 2.914224257581261510e-02 8.910000000000000142e-01 8.120000000000000551e-01
1.833702533051228406e-02 2.863893070276475258e-02 8.824999999999999512e-01 8.070000000000000506e-01
2.087807641859448435e-02 3.186284460097397325e-02 8.645000000000000462e-01 7.950000000000000400e-01
1.822994226279997868e-02 2.960936290671879745e-02 8.904999999999999583e-01 8.100000000000000533e-01
1.734339475167911288e-02 2.834386399603684020e-02 8.864999999999999547e-01 8.090000000000000524e-01
1.867391860140809115e-02 3.026329712747058073e-02 8.830000000000000071e-01 8.080000000000000515e-01
1.820470715367452155e-02 2.946925467979287852e-02 8.840000000000000080e-01 8.080000000000000515e-01
1.795290094462324154e-02 2.925718183512623916e-02 8.830000000000000071e-01 8.070000000000000506e-01
1.666030927465967162e-02 2.799885298199552078e-02 8.990000000000000213e-01 8.219999999999999529e-01
1.831762340586086737e-02 2.937614496276444789e-02 8.800000000000000044e-01 8.120000000000000551e-01
1.682523452802980879e-02 2.848226369997061691e-02 8.924999999999999600e-01 8.129999999999999449e-01
1.681739005113375152e-02 2.816335155547079055e-02 8.894999999999999574e-01 8.209999999999999520e-01
1.832785014674820356e-02 2.934180335770190592e-02 8.760000000000000009e-01 8.050000000000000488e-01
1.636087017693716242e-02 2.791691030027900963e-02 8.920000000000000151e-01 8.179999999999999494e-01
1.683166811064959467e-02 2.874484140474451235e-02 8.934999999999999609e-01 8.209999999999999520e-01
1.756100394144672130e-02 2.858806314781290811e-02 8.800000000000000044e-01 8.060000000000000497e-01
1.775292004539636564e-02 2.894596352637533385e-02 8.874999999999999556e-01 8.060000000000000497e-01
1.645025548538676594e-02 2.803284473953432387e-02 8.960000000000000187e-01 8.159999999999999476e-01
1.671391114533756633e-02 2.787564145750630329e-02 8.974999999999999645e-01 8.209999999999999520e-01
1.662061030521466004e-02 2.817501911484547594e-02 8.894999999999999574e-01 8.169999999999999485e-01
1.762938028178286792e-02 2.906330438262861443e-02 8.890000000000000124e-01 8.070000000000000506e-01
1.818884024641676325e-02 2.966693938032361616e-02 8.800000000000000044e-01 8.120000000000000551e-01
1.873164287780766657e-02 2.948982309525983309e-02 8.780000000000000027e-01 8.000000000000000444e-01
1.678747822190085337e-02 2.794995895008158329e-02 8.870000000000000107e-01 8.129999999999999449e-01
1.736260925516338108e-02 2.925445277764373436e-02 8.864999999999999547e-01 8.030000000000000471e-01
1.748586484702822907e-02 2.956389235779241856e-02 8.850000000000000089e-01 8.050000000000000488e-01
1.587964619069594241e-02 2.780093759300046943e-02 9.050000000000000266e-01 8.219999999999999529e-01
1.646163671324176944e-02 2.856959293852458920e-02 8.924999999999999600e-01 8.129999999999999449e-01
1.674436358133844435e-02 2.828918024943708268e-02 8.850000000000000089e-01 8.090000000000000524e-01
1.827074190127393055e-02 2.971985981572183161e-02 8.900000000000000133e-01 8.129999999999999449e-01
1.693453764343368431e-02 2.876657190144314355e-02 8.904999999999999583e-01 8.129999999999999449e-01
1.541695845048269946e-02 2.749380593870803455e-02 9.024999999999999689e-01 8.219999999999999529e-01
1.813946701718955126e-02 2.997867424516487481e-02 8.824999999999999512e-01 8.060000000000000497e-01
1.651365175964872312e-02 2.841806848693050752e-02 8.954999999999999627e-01 8.189999999999999503e-01
1.595607800761192005e-02 2.837469156764067454e-02 9.004999999999999671e-01 8.159999999999999476e-01
1.682267565325666972e-02 2.923555520255645759e-02 8.920000000000000151e-01 8.100000000000000533e-01
1.524190466701387352e-02 2.766378332439097670e-02 9.040000000000000258e-01 8.159999999999999476e-01
1.725652747093363304e-02 2.916332434116255395e-02 8.830000000000000071e-01 8.050000000000000488e-01
1.609044290706862154e-02 2.766892763114163836e-02 8.960000000000000187e-01 8.159999999999999476e-01
1.577666938014483933e-02 2.730004598605030586e-02 9.004999999999999671e-01 8.209999999999999520e-01
1.689231054187793901e-02 2.851908351686109969e-02 8.864999999999999547e-01 8.080000000000000515e-01
1.651120033066628620e-02 2.857850221011460148e-02 8.894999999999999574e-01 8.169999999999999485e-01
1.605418036877472726e-02 2.727009355413634317e-02 8.970000000000000195e-01 8.169999999999999485e-01
1.713362155372155984e-02 2.930918503878538264e-02 8.900000000000000133e-01 8.100000000000000533e-01
1.522324261027614006e-02 2.724138547361028631e-02 9.044999999999999707e-01 8.239999999999999547e-01
1.538501009176771600e-02 2.757280831683478484e-02 9.070000000000000284e-01 8.279999999999999583e-01
1.656056496430128450e-02 2.819981063437015240e-02 8.994999999999999662e-01 8.199999999999999512e-01
1.628583938965021127e-02 2.877491915292215360e-02 8.974999999999999645e-01 8.179999999999999494e-01
1.580812163774173926e-02 2.792831859202166145e-02 8.994999999999999662e-01 8.189999999999999503e-01
1.658009156519488214e-02 2.836696489445175717e-02 8.920000000000000151e-01 8.129999999999999449e-01
1.672919960732528397e-02 2.868665263172841262e-02 8.944999999999999618e-01 8.100000000000000533e-01
1.535237188290059299e-02 2.734273072152844375e-02 9.010000000000000231e-01 8.269999999999999574e-01
1.575662873829346625e-02 2.807634474513312842e-02 8.974999999999999645e-01 8.199999999999999512e-01
1.663701628220014619e-02 2.877735883290410968e-02 8.924999999999999600e-01 8.129999999999999449e-01
1.539135766428615520e-02 2.777018981551178031e-02 8.990000000000000213e-01 8.179999999999999494e-01
1.467935342235322273e-02 2.683721178202261651e-02 9.010000000000000231e-01 8.249999999999999556e-01
1.480584426983961102e-02 2.696125937455499250e-02 9.080000000000000293e-01 8.269999999999999574e-01
1.462534293786050578e-02 2.682742954279099604e-02 9.064999999999999725e-01 8.259999999999999565e-01
1.554161975495630885e-02 2.793227897815402788e-02 9.084999999999999742e-01 8.169999999999999485e-01
1.580134582096183113e-02 2.755937153801178360e-02 9.024999999999999689e-01 8.219999999999999529e-01
1.549759373036905911e-02 2.810821465788796922e-02 8.994999999999999662e-01 8.219999999999999529e-01
1.540828939870526708e-02 2.782758367212834899e-02 8.984999999999999654e-01 8.179999999999999494e-01
1.771751584935622043e-02 2.922951399939111711e-02 8.804999999999999494e-01 8.080000000000000515e-01
1.460921896370474295e-02 2.691449546105932275e-02 9.100000000000000311e-01 8.239999999999999547e-01
1.519356524067528962e-02 2.774235467736327690e-02 9.040000000000000258e-01 8.239999999999999547e-01
1.516212823696190884e-02 2.794454309893867547e-02 9.024999999999999689e-01 8.189999999999999503e-01
1.592286678883685080e-02 2.815737595957274256e-02 8.924999999999999600e-01 8.129999999999999449e-01
1.636270623181943634e-02 2.910721493541714236e-02 9.010000000000000231e-01 8.189999999999999503e-01
1.470001460050885701e-02 2.780960033355186697e-02 9.074999999999999734e-01 8.189999999999999503e-01
1.484579256560680620e-02 2.809882620145801729e-02 9.054999999999999716e-01 8.169999999999999485e-01
1.547789933168175827e-02 2.802998383895400139e-02 8.994999999999999662e-01 8.129999999999999449e-01
1.587864923438498874e-02 2.839124200072487211e-02 8.970000000000000195e-01 8.219999999999999529e-01
1.515312764547739784e-02 2.816424534645352654e-02 9.050000000000000266e-01 8.269999999999999574e-01
1.602889999150062736e-02 2.850517104677344205e-02 8.984999999999999654e-01 8.129999999999999449e-01
1.483678304608774222e-02 2.785688334893882817e-02 9.104999999999999760e-01 8.239999999999999547e-01
1.626076714377439753e-02 2.945111496545119514e-02 8.910000000000000142e-01 8.070000000000000506e-01
1.504989139100455613e-02 2.789392058133786240e-02 9.044999999999999707e-01 8.179999999999999494e-01
1.505590586821589985e-02 2.809344865765698446e-02 9.054999999999999716e-01 8.249999999999999556e-01
1.477413836560796494e-02 2.776746471058477370e-02 9.070000000000000284e-01 8.169999999999999485e-01
1.630731503794814047e-02 2.974585981913861754e-02 9.060000000000000275e-01 8.090000000000000524e-01
1.607476969978599221e-02 2.871886104845735796e-02 9.024999999999999689e-01 8.229999999999999538e-01
1.566647383366355159e-02 2.801246442397893957e-02 8.954999999999999627e-01 8.159999999999999476e-01
1.627206091006746028e-02 2.879979954815977544e-02 8.950000000000000178e-01 8.129999999999999449e-01
1.568047118704517240e-02 2.931683825799898460e-02 9.000000000000000222e-01 8.149999999999999467e-01
1.430673037946434897e-02 2.710005767899810458e-02 9.090000000000000302e-01 8.199999999999999512e-01
1.581581196842613349e-02 2.861963170598665410e-02 8.924999999999999600e-01 8.169999999999999485e-01
1.486688869518327724e-02 2.843688889381389834e-02 9.054999999999999716e-01 8.139999999999999458e-01
1.541498325224024274e-02 2.837796570364063339e-02 8.984999999999999654e-01 8.120000000000000551e-01
1.609923072454591542e-02 2.920349367008213959e-02 8.964999999999999636e-01 8.159999999999999476e-01
1.489244019234993097e-02 2.796386718964816512e-02 9.060000000000000275e-01 8.209999999999999520e-01
1.470962425696322601e-02 2.793867077665667178e-02 9.090000000000000302e-01 8.199999999999999512e-01
1.467280399608350723e-02 2.832869272745309683e-02 9.070000000000000284e-01 8.149999999999999467e-01
1.613379805821783114e-02 2.926032594072183746e-02 9.030000000000000249e-01 8.110000000000000542e-01
1.482012683425253628e-02 2.800346467172350889e-02 9.060000000000000275e-01 8.199999999999999512e-01
1.440548233834181881e-02 2.781707344752313779e-02 9.090000000000000302e-01 8.199999999999999512e-01
1.439186356272538145e-02 2.750830788860958442e-02 9.084999999999999742e-01 8.229999999999999538e-01
1.457760838477023535e-02 2.750509550825241956e-02 9.094999999999999751e-01 8.219999999999999529e-01
1.578532266112300103e-02 2.856430449559028972e-02 8.994999999999999662e-01 8.169999999999999485e-01
1.486452792494644647e-02 2.785792691224553419e-02 9.054999999999999716e-01 8.219999999999999529e-01
1.454941142685182466e-02 2.777442907341833717e-02 9.024999999999999689e-01 8.219999999999999529e-01
1.501594660753556749e-02 2.840674701961372686e-02 9.010000000000000231e-01 8.179999999999999494e-01
1.485972176417656339e-02 2.815659149443814138e-02 9.080000000000000293e-01 8.199999999999999512e-01
1.550016492241242105e-02 2.869544650222598942e-02 9.034999999999999698e-01 8.129999999999999449e-01
1.442273526624377605e-02 2.817859627846763804e-02 9.084999999999999742e-01 8.189999999999999503e-01
1.489872582086753175e-02 2.831224628933253634e-02 9.034999999999999698e-01 8.139999999999999458e-01
1.534880760886269367e-02 2.896398818738633862e-02 8.974999999999999645e-01 8.179999999999999494e-01
1.575791366316983688e-02 2.950139012220806892e-02 9.034999999999999698e-01 8.080000000000000515e-01
1.439072319112017113e-02 2.790633038322536119e-02 9.104999999999999760e-01 8.169999999999999485e-01
1.418401689558729771e-02 2.726416931934903115e-02 9.064999999999999725e-01 8.179999999999999494e-01
1.377068868703256073e-02 2.794815466475566307e-02 9.154999999999999805e-01 8.209999999999999520e-01
1.454947106173047448e-02 2.755493118365046762e-02 9.120000000000000329e-01 8.219999999999999529e-01
1.374636542905808244e-02 2.798225901302211008e-02 9.120000000000000329e-01 8.149999999999999467e-01
1.423035294119598046e-02 2.799200024452037569e-02 9.170000000000000373e-01 8.199999999999999512e-01
1.360765801743364124e-02 2.789139206958710787e-02 9.120000000000000329e-01 8.199999999999999512e-01
1.595323871581902364e-02 2.975884155684610163e-02 9.054999999999999716e-01 8.179999999999999494e-01
1.345635651754592543e-02 2.688263373380114091e-02 9.170000000000000373e-01 8.189999999999999503e-01
1.680710929127133754e-02 3.030664959653028151e-02 8.870000000000000107e-01 8.040000000000000480e-01
1.432692851048040540e-02 2.799308217923215936e-02 9.104999999999999760e-01 8.219999999999999529e-01
1.406126180357488743e-02 2.795369095108886717e-02 9.180000000000000382e-01 8.179999999999999494e-01
1.468599823140449498e-02 2.827512211502468745e-02 9.034999999999999698e-01 8.209999999999999520e-01
1.426747140582912410e-02 2.825943947065374592e-02 9.184999999999999831e-01 8.229999999999999538e-01
1.467263625815750684e-02 2.798030774735972212e-02 9.100000000000000311e-01 8.209999999999999520e-01
1.463761293898706121e-02 2.819675235900706914e-02 9.090000000000000302e-01 8.219999999999999529e-01
1.445723827275606672e-02 2.829173201041334032e-02 9.150000000000000355e-01 8.149999999999999467e-01
1.376620609431961594e-02 2.760188656260554110e-02 9.120000000000000329e-01 8.209999999999999520e-01
1.402625670949179254e-02 2.733999197726022859e-02 9.080000000000000293e-01 8.219999999999999529e-01
1.371279273329906873e-02 2.795400716092736465e-02 9.200000000000000400e-01 8.209999999999999520e-01
1.447629558725658898e-02 2.826939715299097225e-02 9.080000000000000293e-01 8.129999999999999449e-01
1.515438067020689374e-02 2.919666030260032255e-02 9.110000000000000320e-01 8.040000000000000480e-01
1.446519031185045448e-02 2.831932184822054041e-02 9.084999999999999742e-01 8.189999999999999503e-01
1.738915711268154002e-02 3.064391606809037383e-02 8.860000000000000098e-01 7.990000000000000435e-01
1.507876167265329720e-02 2.900007230752695356e-02 9.050000000000000266e-01 8.179999999999999494e-01
1.401530712466910952e-02 2.796353885139993625e-02 9.114999999999999769e-01 8.169999999999999485e-01
1.397776244428151557e-02 2.777915176476215484e-02 9.140000000000000346e-01 8.199999999999999512e-01
1.350212093792607648e-02 2.743197392275741400e-02 9.154999999999999805e-01 8.219999999999999529e-01
1.474174620635630185e-02 2.821128747230487732e-02 9.060000000000000275e-01 8.149999999999999467e-01
1.385712996451491340e-02 2.782263527469040765e-02 9.130000000000000338e-01 8.269999999999999574e-01
1.579719966917740581e-02 2.918456868267976442e-02 8.994999999999999662e-01 8.139999999999999458e-01
1.435233542231563637e-02 2.835676070962255685e-02 9.074999999999999734e-01 8.179999999999999494e-01
1.344286825233068257e-02 2.752751278631375420e-02 9.124999999999999778e-01 8.229999999999999538e-01
1.366971674137740754e-02 2.757761891501950627e-02 9.110000000000000320e-01 8.149999999999999467e-01
1.320882356846828955e-02 2.681032768991327767e-02 9.180000000000000382e-01 8.229999999999999538e-01
1.319343079189926222e-02 2.699026883444594765e-02 9.190000000000000391e-01 8.239999999999999547e-01
1.266747478096478044e-02 2.700542283270223123e-02 9.204999999999999849e-01 8.159999999999999476e-01
1.352007379147563554e-02 2.728829659005489391e-02 9.160000000000000364e-01 8.239999999999999547e-01
1.358725036737828615e-02 2.739839551896896402e-02 9.130000000000000338e-01 8.229999999999999538e-01
1.406701567149813183e-02 2.824808980273547931e-02 9.170000000000000373e-01 8.219999999999999529e-01
1.431782555651077253e-02 2.835317172807422584e-02 9.114999999999999769e-01 8.169999999999999485e-01
1.367287274846858657e-02 2.781757200463062449e-02 9.110000000000000320e-01 8.219999999999999529e-01
1.424764586282286499e-02 2.864132319479128358e-02 9.054999999999999716e-01 8.169999999999999485e-01
1.440608620544851434e-02 2.781023820037119634e-02 9.090000000000000302e-01 8.159999999999999476e-01
1.343855875630954079e-02 2.769727564423623070e-02 9.184999999999999831e-01 8.209999999999999520e-01
1.440362825204428467e-02 2.850862594293130173e-02 9.044999999999999707e-01 8.259999999999999565e-01
1.411864711837992545e-02 2.831373710993404305e-02 9.120000000000000329e-01 8.129999999999999449e-01
1.401361378253342636e-02 2.828152324579015844e-02 9.180000000000000382e-01 8.229999999999999538e-01
1.340163083710575395e-02 2.746635781470893600e-02 9.144999999999999796e-01 8.239999999999999547e-01
1.320703766475724537e-02 2.731052483218197185e-02 9.170000000000000373e-01 8.279999999999999583e-01
1.331726272295477749e-02 2.756375520005945046e-02 9.164999999999999813e-01 8.179999999999999494e-01
1.779230740471783936e-02 3.171473693918889364e-02 9.090000000000000302e-01 8.030000000000000471e-01
1.436542661153175637e-02 2.906285410805428335e-02 9.074999999999999734e-01 8.129999999999999449e-01
1.376640495913870194e-02 2.813266229206526012e-02 9.134999999999999787e-01 8.179999999999999494e-01
1.361515570201000773e-02 2.819775162073701741e-02 9.200000000000000400e-01 8.189999999999999503e-01
1.432189159366943805e-02 2.832328688371209616e-02 9.114999999999999769e-01 8.169999999999999485e-01
1.345255533662758664e-02 2.814607840631033059e-02 9.104999999999999760e-01 8.159999999999999476e-01
1.363112309561745339e-02 2.819609627208369620e-02 9.150000000000000355e-01 8.199999999999999512e-01
1.300342737338455040e-02 2.726528506571716109e-02 9.190000000000000391e-01 8.249999999999999556e-01
1.355759435686894158e-02 2.793363670647465782e-02 9.050000000000000266e-01 8.199999999999999512e-01
1.367508905754073051e-02 2.814178085408569271e-02 9.130000000000000338e-01 8.139999999999999458e-01
1.244150269792684317e-02 2.719111371143038275e-02 9.254999999999999893e-01 8.279999999999999583e-01
1.271583636563067624e-02 2.730666887823499089e-02 9.224999999999999867e-01 8.269999999999999574e-01
1.300609530907936677e-02 2.750308850249289297e-02 9.230000000000000426e-01 8.249999999999999556e-01
1.282549558986465291e-02 2.689558930975883416e-02 9.160000000000000364e-01 8.229999999999999538e-01
1.301335095262064027e-02 2.779504899461389400e-02 9.144999999999999796e-01 8.239999999999999547e-01
1.366353588027266128e-02 2.795162995548524862e-02 9.154999999999999805e-01 8.179999999999999494e-01
1.765967785962132414e-02 3.091659735842389525e-02 8.830000000000000071e-01 7.970000000000000417e-01
1.342358097382666607e-02 2.758659411124137276e-02 9.164999999999999813e-01 8.179999999999999494e-01
1.354350082058649284e-02 2.912631581859850480e-02 9.164999999999999813e-01 8.110000000000000542e-01
1.400438027214950462e-02 2.800587281739624207e-02 9.084999999999999742e-01 8.209999999999999520e-01
1.369172896628374422e-02 2.829085118046799005e-02 9.130000000000000338e-01 8.209999999999999520e-01
1.430002720009454671e-02 2.898519324401733002e-02 9.084999999999999742e-01 8.090000000000000524e-01
1.303230716834612862e-02 2.771216492562867187e-02 9.224999999999999867e-01 8.229999999999999538e-01
1.373479039359280091e-02 2.804529764066396660e-02 9.090000000000000302e-01 8.110000000000000542e-01
1.410009194145678789e-02 2.897166954244339773e-02 9.084999999999999742e-01 8.149999999999999467e-01
1.446567275810938663e-02 2.929337344225797432e-02 9.030000000000000249e-01 8.129999999999999449e-01
1.296497456186153190e-02 2.784813437680757134e-02 9.134999999999999787e-01 8.219999999999999529e-01
1.313717087477504070e-02 2.794326491014430258e-02 9.204999999999999849e-01 8.209999999999999520e-01
1.380536841267098608e-02 2.870239363153992765e-02 9.174999999999999822e-01 8.209999999999999520e-01
1.365031872010677265e-02 2.769120135244604666e-02 9.124999999999999778e-01 8.209999999999999520e-01
1.282158736292115034e-02 2.749891891594493168e-02 9.174999999999999822e-01 8.259999999999999565e-01
1.343572928809323892e-02 2.815997230242663768e-02 9.190000000000000391e-01 8.229999999999999538e-01
1.238339388770028256e-02 2.711179323301354457e-02 9.290000000000000480e-01 8.219999999999999529e-01
1.262956272504765949e-02 2.699124509332587532e-02 9.254999999999999893e-01 8.309999999999999609e-01
1.328949069658258084e-02 2.815940087625719984e-02 9.210000000000000409e-01 8.219999999999999529e-01
1.286503640544774466e-02 2.814821379351645919e-02 9.210000000000000409e-01 8.219999999999999529e-01
1.345904967970512275e-02 2.843356543441838066e-02 9.130000000000000338e-01 8.189999999999999503e-01
1.281511337503629319e-02 2.758964790606112730e-02 9.190000000000000391e-01 8.179999999999999494e-01
1.218124110507481581e-02 2.733819572753914268e-02 9.304999999999999938e-01 8.239999999999999547e-01
1.198583998819633539e-02 2.660509668518719686e-02 9.254999999999999893e-01 8.249999999999999556e-01
1.301279578969790664e-02 2.721650330203505622e-02 9.224999999999999867e-01 8.309999999999999609e-01
1.269962546836078676e-02 2.725116757518466007e-02 9.240000000000000435e-01 8.279999999999999583e-01
1.236380649774572286e-02 2.732317624311364143e-02 9.260000000000000453e-01 8.259999999999999565e-01
1.216417393990147991e-02 2.701737888160336484e-02 9.304999999999999938e-01 8.239999999999999547e-01
1.254259646542741670e-02 2.767474717429315237e-02 9.294999999999999929e-01 8.219999999999999529e-01
1.512773436816174447e-02 2.924474833413730213e-02 9.060000000000000275e-01 8.120000000000000551e-01
1.208721396901829385e-02 2.712130638324204701e-02 9.244999999999999885e-01 8.289999999999999591e-01
1.197349006051740689e-02 2.710368929677768948e-02 9.270000000000000462e-01 8.289999999999999591e-01
1.263235714655833175e-02 2.738694216351106672e-02 9.214999999999999858e-01 8.269999999999999574e-01
1.461915015365554751e-02 2.921805478976318218e-02 9.074999999999999734e-01 8.159999999999999476e-01
1.232017942825029688e-02 2.691900427756907521e-02 9.240000000000000435e-01 8.239999999999999547e-01
1.269390429273638786e-02 2.750481835470617795e-02 9.170000000000000373e-01 8.239999999999999547e-01
1.195366856203769826e-02 2.694650997478053797e-02 9.244999999999999885e-01 8.299999999999999600e-01
1.246587444798553067e-02 2.768521746279230256e-02 9.220000000000000417e-01 8.319999999999999618e-01
1.217386347466915646e-02 2.730134815369712059e-02 9.204999999999999849e-01 8.289999999999999591e-01
1.152423604647457786e-02 2.670350475183918063e-02 9.294999999999999929e-01 8.259999999999999565e-01
1.602250698733534082e-02 3.047700032102472825e-02 9.030000000000000249e-01 8.070000000000000506e-01
1.245596158636432665e-02 2.751781123273345717e-02 9.244999999999999885e-01 8.249999999999999556e-01
1.468563542361632154e-02 2.949115860468530873e-02 9.064999999999999725e-01 8.090000000000000524e-01
1.224880589041447629e-02 2.750239456734010490e-02 9.290000000000000480e-01 8.229999999999999538e-01
1.264221814823352115e-02 2.760592424855761937e-02 9.200000000000000400e-01 8.219999999999999529e-01
1.152492238671838816e-02 2.689896069462388226e-02 9.300000000000000488e-01 8.229999999999999538e-01
1.342414321267010324e-02 2.870336684233144517e-02 9.170000000000000373e-01 8.229999999999999538e-01
1.187590059198086363e-02 2.764118745972770491e-02 9.290000000000000480e-01 8.289999999999999591e-01
1.464165511059745822e-02 2.949182512636876197e-02 9.010000000000000231e-01 8.139999999999999458e-01
1.200641843679959263e-02 2.785726436889266952e-02 9.250000000000000444e-01 8.209999999999999520e-01
1.359304385412365632e-02 2.889842433691889104e-02 9.110000000000000320e-01 8.169999999999999485e-01
1.460567086675614197e-02 3.001795248009151568e-02 9.114999999999999769e-01 8.050000000000000488e-01
1.191870816425631870e-02 2.770488381880641116e-02 9.260000000000000453e-01 8.249999999999999556e-01
1.174765594018324297e-02 2.766967138253004915e-02 9.270000000000000462e-01 8.169999999999999485e-01
1.194958510082098219e-02 2.768494630049549501e-02 9.310000000000000497e-01 8.159999999999999476e-01
1.170716054952639432e-02 2.745885512597947067e-02 9.264999999999999902e-01 8.279999999999999583e-01
1.242398200964564721e-02 2.791813167800989356e-02 9.224999999999999867e-01 8.259999999999999565e-01
1.245604158205471448e-02 2.802936466335671784e-02 9.210000000000000409e-01 8.229999999999999538e-01
1.351864974592278425e-02 2.926903737999168170e-02 9.184999999999999831e-01 8.219999999999999529e-01
1.279316982266510104e-02 2.800870688641387413e-02 9.140000000000000346e-01 8.219999999999999529e-01
1.156939614999829419e-02 2.719790380968132096e-02 9.330000000000000515e-01 8.289999999999999591e-01
1.314114853106353523e-02 2.889106962486609823e-02 9.200000000000000400e-01 8.149999999999999467e-01
1.167182006595469945e-02 2.733571735491500954e-02 9.274999999999999911e-01 8.259999999999999565e-01
1.229957537282218467e-02 2.718932864064301999e-02 9.190000000000000391e-01 8.259999999999999565e-01
1.158703491289153446e-02 2.743291584854017778e-02 9.310000000000000497e-01 8.269999999999999574e-01
1.284226194779845669e-02 2.845471780143898205e-02 9.154999999999999805e-01 8.120000000000000551e-01
