9.016572261278024691e-02 9.015657537934537724e-02 2.434999999999999942e-01 2.179999999999999993e-01
8.972086682765978427e-02 8.979815009246333579e-02 3.960000000000000187e-01 3.459999999999999742e-01
8.802167660883859768e-02 8.811191398729409374e-02 3.895000000000000129e-01 3.649999999999999911e-01
8.496874903645096344e-02 8.518545164549543025e-02 4.380000000000000004e-01 4.149999999999999800e-01
8.021907582241599721e-02 8.051996853826318135e-02 4.189999999999999836e-01 3.970000000000000195e-01
7.457061669463621589e-02 7.532942902955777620e-02 4.824999999999999845e-01 4.420000000000000040e-01
6.904585190827615404e-02 6.968602386113512126e-02 5.294999999999999707e-01 5.070000000000000062e-01
6.709537516407969304e-02 6.754141823634726705e-02 5.324999999999999734e-01 5.190000000000000169e-01
6.299089700712685869e-02 6.375250938396596900e-02 5.729999999999999538e-01 5.659999999999999476e-01
6.050245538336487122e-02 6.133878538694232524e-02 6.380000000000000115e-01 6.420000000000000151e-01
5.637406732951894678e-02 5.721582725687701654e-02 6.554999999999999716e-01 6.490000000000000213e-01
5.432467512516268165e-02 5.556821623563895640e-02 6.390000000000000124e-01 6.250000000000000000e-01
5.308896246121522916e-02 5.414699521655629705e-02 6.414999999999999591e-01 6.280000000000000027e-01
5.050416742197393755e-02 5.183199813440653864e-02 6.440000000000000169e-01 6.320000000000000062e-01
4.928622554260632393e-02 5.060650332642364913e-02 6.999999999999999556e-01 6.969999999999999529e-01
4.737073668561404133e-02 4.934227459883081673e-02 6.844999999999999973e-01 6.540000000000000258e-01
4.799887061789227111e-02 5.011520515418556310e-02 6.864999999999999991e-01 6.610000000000000320e-01
4.606845675022768621e-02 4.755931659541083600e-02 6.830000000000000515e-01 6.620000000000000329e-01
4.365529781147640259e-02 4.578972933085184716e-02 7.055000000000000160e-01 6.879999999999999449e-01
4.297808061592775508e-02 4.500230661592240916e-02 7.209999999999999742e-01 7.099999999999999645e-01
4.074967254303774739e-02 4.301604260619371067e-02 7.385000000000000453e-01 7.179999999999999716e-01
4.314635266735261654e-02 4.493225150954544694e-02 7.065000000000000169e-01 7.009999999999999565e-01
3.999115425746643804e-02 4.213882551195503867e-02 7.245000000000000329e-01 7.179999999999999716e-01
4.163535248521865045e-02 4.389027735747871167e-02 7.175000000000000266e-01 7.089999999999999636e-01
3.931762456849440673e-02 4.193291444596185941e-02 7.500000000000000000e-01 7.339999999999999858e-01
3.898896336212880065e-02 4.155707250363540467e-02 7.409999999999999920e-01 7.279999999999999805e-01
3.819070150129259128e-02 4.128720671878840370e-02 7.534999999999999476e-01 7.249999999999999778e-01
3.841180248692847854e-02 4.121565397076015769e-02 7.325000000000000400e-01 7.119999999999999662e-01
3.720471353153211730e-02 4.046488616022379803e-02 7.339999999999999858e-01 6.979999999999999538e-01
3.555363069507824075e-02 3.894896671507600688e-02 7.604999999999999538e-01 7.289999999999999813e-01
3.582648193009552867e-02 3.921100484131260361e-02 7.604999999999999538e-01 7.459999999999999964e-01
3.700979572838920123e-02 3.999440466053415938e-02 7.540000000000000036e-01 7.289999999999999813e-01
4.126845435410955026e-02 4.472736859388663777e-02 7.175000000000000266e-01 6.969999999999999529e-01
3.523517045385175100e-02 3.828575441693445741e-02 7.624999999999999556e-01 7.429999999999999938e-01
3.651103973880668457e-02 3.964846513093009395e-02 7.550000000000000044e-01 7.269999999999999796e-01
3.559218279950956965e-02 3.903943689745512785e-02 7.674999999999999600e-01 7.379999999999999893e-01
3.667584948230778741e-02 4.022875569828378989e-02 7.369999999999999885e-01 7.129999999999999671e-01
3.472192739976614345e-02 3.855800164533844387e-02 7.664999999999999591e-01 7.399999999999999911e-01
3.666507366461631973e-02 4.096036339797339693e-02 7.500000000000000000e-01 7.209999999999999742e-01
3.455105341984011924e-02 3.851674094701051931e-02 7.824999999999999734e-01 7.489999999999999991e-01
3.343713587622048483e-02 3.722628224092604937e-02 7.734999999999999654e-01 7.500000000000000000e-01
3.391674748576303106e-02 3.740963512190037532e-02 7.720000000000000195e-01 7.489999999999999991e-01
3.414884920876482682e-02 3.822180192553743111e-02 7.904999999999999805e-01 7.640000000000000124e-01
3.392271074862140967e-02 3.760870823778112576e-02 7.754999999999999671e-01 7.489999999999999991e-01
3.441188390853719414e-02 3.832290749993168960e-02 7.654999999999999583e-01 7.409999999999999920e-01
3.371641045775820161e-02 3.740640966440838405e-02 7.764999999999999680e-01 7.459999999999999964e-01
3.411563796962379519e-02 3.838927058693979155e-02 7.774999999999999689e-01 7.419999999999999929e-01
3.243194068798931073e-02 3.618672056882669269e-02 7.800000000000000266e-01 7.580000000000000071e-01
3.101840285041446502e-02 3.517803687243122729e-02 7.934999999999999831e-01 7.560000000000000053e-01
3.235187214392076099e-02 3.662156726505185617e-02 7.900000000000000355e-01 7.560000000000000053e-01
3.371887431220310649e-02 3.814186122726086203e-02 7.804999999999999716e-01 7.489999999999999991e-01
3.121016458981376238e-02 3.551511595321268921e-02 7.850000000000000311e-01 7.580000000000000071e-01
3.151566434328734179e-02 3.570232581109093056e-02 7.820000000000000284e-01 7.580000000000000071e-01
3.299499471006528406e-02 3.766933083640352370e-02 7.964999999999999858e-01 7.550000000000000044e-01
3.148477866432041611e-02 3.599250101228973486e-02 8.044999999999999929e-01 7.479999999999999982e-01
3.226198698086065603e-02 3.696784097582331285e-02 7.940000000000000391e-01 7.570000000000000062e-01
3.121310704528454383e-02 3.601946007514809228e-02 8.084999999999999964e-01 7.680000000000000160e-01
3.051626435394533265e-02 3.499833368050915550e-02 7.960000000000000409e-01 7.660000000000000142e-01
3.048201224143378893e-02 3.523051211659756349e-02 7.930000000000000382e-01 7.590000000000000080e-01
3.059888074599479216e-02 3.545079986922921450e-02 7.994999999999999885e-01 7.610000000000000098e-01
3.098823062263730832e-02 3.590462524325032517e-02 7.974999999999999867e-01 7.620000000000000107e-01
3.027974089874389124e-02 3.516572515761934303e-02 8.040000000000000480e-01 7.670000000000000151e-01
2.996813433271620919e-02 3.495523175426545892e-02 8.004999999999999893e-01 7.620000000000000107e-01
3.024281827567392583e-02 3.513872361500165048e-02 7.964999999999999858e-01 7.540000000000000036e-01
3.080329140015050648e-02 3.561215566897801832e-02 7.980000000000000426e-01 7.660000000000000142e-01
3.061975100971381369e-02 3.560996675671136008e-02 7.954999999999999849e-01 7.580000000000000071e-01
2.909911848827782810e-02 3.432501576640153984e-02 8.125000000000000000e-01 7.700000000000000178e-01
2.971542257028646217e-02 3.496935755135522489e-02 8.120000000000000551e-01 7.730000000000000204e-01
3.037040828559098640e-02 3.558500394073083051e-02 8.044999999999999929e-01 7.680000000000000160e-01
3.016544200690469621e-02 3.545325401712304259e-02 8.004999999999999893e-01 7.600000000000000089e-01
2.960143278211090773e-02 3.473649049118887611e-02 8.024999999999999911e-01 7.610000000000000098e-01
2.908625757848568721e-02 3.455558774820863960e-02 8.145000000000000018e-01 7.590000000000000080e-01
2.844418545626935940e-02 3.370338493836091270e-02 8.090000000000000524e-01 7.710000000000000187e-01
2.912022749610916963e-02 3.458432544807302222e-02 8.110000000000000542e-01 7.670000000000000151e-01
3.006687531385307532e-02 3.529973060863333956e-02 8.010000000000000453e-01 7.630000000000000115e-01
2.850432094839857808e-02 3.396417745835567104e-02 8.080000000000000515e-01 7.690000000000000169e-01
2.929232861362194087e-02 3.452453021112397713e-02 8.050000000000000488e-01 7.650000000000000133e-01
2.838287789570905634e-02 3.403682647942226497e-02 8.155000000000000027e-01 7.790000000000000258e-01
2.889134694748099128e-02 3.458356755091786250e-02 8.199999999999999512e-01 7.750000000000000222e-01
2.892155727849286123e-02 3.427530212723132325e-02 8.034999999999999920e-01 7.640000000000000124e-01
2.947149285923714515e-02 3.503214994739486249e-02 8.024999999999999911e-01 7.550000000000000044e-01
2.824631984032455537e-02 3.383673895519159758e-02 8.125000000000000000e-01 7.740000000000000213e-01
2.936997844923118842e-02 3.520665968641208121e-02 8.074999999999999956e-01 7.600000000000000089e-01
2.739757553667612755e-02 3.348874784663074394e-02 8.369999999999999662e-01 7.760000000000000231e-01
2.920220534797425202e-02 3.509859349607016149e-02 8.199999999999999512e-01 7.700000000000000178e-01
2.698229996021628968e-02 3.289583516273807823e-02 8.375000000000000222e-01 7.770000000000000240e-01
2.841552776974399022e-02 3.412462098718852671e-02 8.165000000000000036e-01 7.650000000000000133e-01
2.689106520965678024e-02 3.297259736316528883e-02 8.349999999999999645e-01 7.750000000000000222e-01
2.825819846470098429e-02 3.402567197721226289e-02 8.135000000000000009e-01 7.640000000000000124e-01
2.823083553908127888e-02 3.392534163407473491e-02 8.090000000000000524e-01 7.630000000000000115e-01
2.739353168021161841e-02 3.370359047402009950e-02 8.269999999999999574e-01 7.740000000000000213e-01
2.881627557016113242e-02 3.454891462188257323e-02 8.024999999999999911e-01 7.570000000000000062e-01
2.675542482376322417e-02 3.287944723277396591e-02 8.319999999999999618e-01 7.750000000000000222e-01
2.803763445127198037e-02 3.398722898795154823e-02 8.185000000000000053e-01 7.680000000000000160e-01
2.797223158518375580e-02 3.380260071806866218e-02 8.229999999999999538e-01 7.740000000000000213e-01
2.623245076575959900e-02 3.226423211890493137e-02 8.399999999999999689e-01 7.900000000000000355e-01
2.772084184729336001e-02 3.402166206617535799e-02 8.335000000000000187e-01 7.770000000000000240e-01
2.813669655284901580e-02 3.435510604205677804e-02 8.289999999999999591e-01 7.840000000000000302e-01
2.709858961970454047e-02 3.333670099269898934e-02 8.389999999999999680e-01 7.790000000000000258e-01
2.657226073302051614e-02 3.275451772367532488e-02 8.349999999999999645e-01 7.870000000000000329e-01
2.697179196622007114e-02 3.294197529008222047e-02 8.279999999999999583e-01 7.770000000000000240e-01
2.689990923134037704e-02 3.299316275781431773e-02 8.319999999999999618e-01 7.820000000000000284e-01
2.599603720532278964e-02 3.224410284418888911e-02 8.405000000000000249e-01 7.840000000000000302e-01
2.683381301150090936e-02 3.315209795542543858e-02 8.329999999999999627e-01 7.820000000000000284e-01
2.689823341731682402e-02 3.332188497464520088e-02 8.339999999999999636e-01 7.790000000000000258e-01
2.703821169497252347e-02 3.319398582907647638e-02 8.215000000000000080e-01 7.690000000000000169e-01
2.667430913898801229e-02 3.306682903117856565e-02 8.275000000000000133e-01 7.790000000000000258e-01
2.682601818368041818e-02 3.354601850280432285e-02 8.455000000000000293e-01 7.870000000000000329e-01
2.745480785205186777e-02 3.367960275581258212e-02 8.229999999999999538e-01 7.730000000000000204e-01
2.647341580980265563e-02 3.293711126407768142e-02 8.315000000000000169e-01 7.750000000000000222e-01
2.593847078367103945e-02 3.264329022250313239e-02 8.409999999999999698e-01 7.800000000000000266e-01
2.659425313788937179e-02 3.318422541720977142e-02 8.395000000000000240e-01 7.830000000000000293e-01
2.630507215147147304e-02 3.309698546712620815e-02 8.429999999999999716e-01 7.850000000000000311e-01
2.639043946521386561e-02 3.260877360810312403e-02 8.329999999999999627e-01 7.830000000000000293e-01
2.547981886323028022e-02 3.224081181450105804e-02 8.475000000000000311e-01 7.860000000000000320e-01
2.503429970838194976e-02 3.173555617456106509e-02 8.439999999999999725e-01 7.830000000000000293e-01
2.565985999259659187e-02 3.248974637028738399e-02 8.439999999999999725e-01 7.890000000000000346e-01
2.534618280024684978e-02 3.229197952200418137e-02 8.485000000000000320e-01 7.910000000000000364e-01
2.532514600716963965e-02 3.216560005407469863e-02 8.529999999999999805e-01 7.860000000000000320e-01
2.593178122386502818e-02 3.275865890771218619e-02 8.335000000000000187e-01 7.770000000000000240e-01
2.513962357078201176e-02 3.198521098996644219e-02 8.509999999999999787e-01 7.870000000000000329e-01
2.485876683689759378e-02 3.189719655353975836e-02 8.505000000000000338e-01 7.890000000000000346e-01
2.581944780546485685e-02 3.249020579388502139e-02 8.329999999999999627e-01 7.790000000000000258e-01
2.538623332040151198e-02 3.245135730698572168e-02 8.535000000000000364e-01 7.910000000000000364e-01
2.506971581033102039e-02 3.178292584102196394e-02 8.359999999999999654e-01 7.790000000000000258e-01
2.507981941821844918e-02 3.228846835639145874e-02 8.449999999999999734e-01 7.870000000000000329e-01
2.741598209737461378e-02 3.460702500568005324e-02 8.295000000000000151e-01 7.730000000000000204e-01
2.484466314486800942e-02 3.209719209402340373e-02 8.435000000000000275e-01 7.860000000000000320e-01
2.449485057291988024e-02 3.130560521099380600e-02 8.475000000000000311e-01 7.860000000000000320e-01
2.615483157611214401e-02 3.288428015167051827e-02 8.329999999999999627e-01 7.790000000000000258e-01
2.587018767601804298e-02 3.283770322401528136e-02 8.349999999999999645e-01 7.840000000000000302e-01
2.584393064613608321e-02 3.291235539717904390e-02 8.405000000000000249e-01 7.850000000000000311e-01
2.463670979001270425e-02 3.138794491010116899e-02 8.445000000000000284e-01 7.880000000000000338e-01
2.613207526878113043e-02 3.307587083754924551e-02 8.365000000000000213e-01 7.800000000000000266e-01
2.544122578745041177e-02 3.267587665134862041e-02 8.459999999999999742e-01 7.920000000000000373e-01
2.629615425001544451e-02 3.354333049380521514e-02 8.435000000000000275e-01 7.770000000000000240e-01
2.464024661673392888e-02 3.170259388802824235e-02 8.465000000000000302e-01 7.820000000000000284e-01
2.530388976565042108e-02 3.232674858739209567e-02 8.399999999999999689e-01 7.900000000000000355e-01
2.515534269811630502e-02 3.213732858627791483e-02 8.419999999999999707e-01 7.870000000000000329e-01
2.516826085164447502e-02 3.229671107305987637e-02 8.385000000000000231e-01 7.890000000000000346e-01
2.467944416435021923e-02 3.156774841697994327e-02 8.439999999999999725e-01 7.970000000000000417e-01
2.390250250823531750e-02 3.101093407964375381e-02 8.505000000000000338e-01 7.910000000000000364e-01
2.449694128397152115e-02 3.148250485230780910e-02 8.469999999999999751e-01 7.940000000000000391e-01
2.499111406632120377e-02 3.208847594546093696e-02 8.369999999999999662e-01 7.740000000000000213e-01
2.403249551343876814e-02 3.100462871533899226e-02 8.495000000000000329e-01 7.860000000000000320e-01
2.374249547810825325e-02 3.104759361536556933e-02 8.579999999999999849e-01 7.970000000000000417e-01
2.487434939494275604e-02 3.187051467641111718e-02 8.449999999999999734e-01 7.840000000000000302e-01
2.591803827469768215e-02 3.293943602278746191e-02 8.305000000000000160e-01 7.700000000000000178e-01
2.390411003364219938e-02 3.094503621952736719e-02 8.525000000000000355e-01 7.940000000000000391e-01
2.553514216215656968e-02 3.240394986967359142e-02 8.329999999999999627e-01 7.780000000000000249e-01
2.503678747908842303e-02 3.218576681879321832e-02 8.399999999999999689e-01 7.840000000000000302e-01
2.455189265166152213e-02 3.180291949122827228e-02 8.465000000000000302e-01 7.910000000000000364e-01
2.417806384440118750e-02 3.168484123860458579e-02 8.565000000000000391e-01 7.930000000000000382e-01
2.467006935960852285e-02 3.218066884092164043e-02 8.545000000000000373e-01 7.920000000000000373e-01
2.355313734308999221e-02 3.094330663379942642e-02 8.585000000000000409e-01 7.910000000000000364e-01
2.353965175584570371e-02 3.077884645742525599e-02 8.539999999999999813e-01 7.890000000000000346e-01
2.381441717200781169e-02 3.106745756056227339e-02 8.509999999999999787e-01 7.900000000000000355e-01
2.407493860583314466e-02 3.138250898640643216e-02 8.535000000000000364e-01 7.910000000000000364e-01
2.336219375112461721e-02 3.087407589976145367e-02 8.575000000000000400e-01 7.900000000000000355e-01
2.399466345078631047e-02 3.161552933044738112e-02 8.455000000000000293e-01 7.910000000000000364e-01
2.465453539619599094e-02 3.234982726219929466e-02 8.475000000000000311e-01 7.770000000000000240e-01
2.403323181277289972e-02 3.134875128138055883e-02 8.485000000000000320e-01 7.840000000000000302e-01
2.437247343520241097e-02 3.185551536274672246e-02 8.479999999999999760e-01 7.860000000000000320e-01
2.387263698231556486e-02 3.145016542957539130e-02 8.585000000000000409e-01 7.900000000000000355e-01
2.468077090061187445e-02 3.224480624051828670e-02 8.449999999999999734e-01 7.850000000000000311e-01
2.439475214779902174e-02 3.160897505160498860e-02 8.425000000000000266e-01 7.900000000000000355e-01
2.408384429012951078e-02 3.167154644977485112e-02 8.435000000000000275e-01 7.800000000000000266e-01
2.324733790480839821e-02 3.080985362906820887e-02 8.555000000000000382e-01 7.930000000000000382e-01
2.466387368109637657e-02 3.255325858377264292e-02 8.475000000000000311e-01 7.810000000000000275e-01
2.339588823921529004e-02 3.099491657938226521e-02 8.565000000000000391e-01 8.010000000000000453e-01
2.399735651248412899e-02 3.197849585830030844e-02 8.615000000000000435e-01 7.930000000000000382e-01
2.319229922601059521e-02 3.104776042929677238e-02 8.609999999999999876e-01 7.980000000000000426e-01
2.350738582342305413e-02 3.114830393705473807e-02 8.479999999999999760e-01 7.900000000000000355e-01
2.366556707243261046e-02 3.151536856716291579e-02 8.625000000000000444e-01 7.970000000000000417e-01
2.357157716126850877e-02 3.104050793155214635e-02 8.469999999999999751e-01 7.860000000000000320e-01
2.382707663605044407e-02 3.142059951339594426e-02 8.479999999999999760e-01 7.870000000000000329e-01
2.222028825349029596e-02 2.988433768966037435e-02 8.655000000000000471e-01 8.000000000000000444e-01
2.421430469005394354e-02 3.185642133490659833e-02 8.429999999999999716e-01 7.900000000000000355e-01
2.326875499872915407e-02 3.102206914401535801e-02 8.555000000000000382e-01 7.900000000000000355e-01
2.298004122476684716e-02 3.047280852835099890e-02 8.489999999999999769e-01 7.850000000000000311e-01
2.259803211602791351e-02 3.023759299554977173e-02 8.609999999999999876e-01 7.990000000000000435e-01
2.313866394190597017e-02 3.080377996781764882e-02 8.525000000000000355e-01 7.930000000000000382e-01
2.353946402696021484e-02 3.119509821499105370e-02 8.445000000000000284e-01 7.850000000000000311e-01
2.487615267056738494e-02 3.219793347790175786e-02 8.415000000000000258e-01 7.840000000000000302e-01
2.296177985696450791e-02 3.079357337398219707e-02 8.545000000000000373e-01 7.980000000000000426e-01
2.362517134197793592e-02 3.116393760403083149e-02 8.509999999999999787e-01 7.850000000000000311e-01
2.240109850584863851e-02 2.993246481474111376e-02 8.509999999999999787e-01 7.970000000000000417e-01
2.277299502133120490e-02 3.066862246253706376e-02 8.615000000000000435e-01 7.940000000000000391e-01
2.358196784868075990e-02 3.170466376420856547e-02 8.535000000000000364e-01 7.930000000000000382e-01
2.290964806042106866e-02 3.099975799731085474e-02 8.575000000000000400e-01 7.900000000000000355e-01
2.329049009480025495e-02 3.133792093306467935e-02 8.545000000000000373e-01 7.860000000000000320e-01
2.237724173962006916e-02 3.050102720318030938e-02 8.605000000000000426e-01 7.930000000000000382e-01
2.335485898998242160e-02 3.120203742114088102e-02 8.589999999999999858e-01 7.960000000000000409e-01
2.271300244161933088e-02 3.073854542711742382e-02 8.619999999999999885e-01 7.950000000000000400e-01
2.270929142226535413e-02 3.061720741878092011e-02 8.555000000000000382e-01 7.870000000000000329e-01
2.345634831859744890e-02 3.170516428861486213e-02 8.535000000000000364e-01 7.980000000000000426e-01
2.215263127160709000e-02 3.019982391861227022e-02 8.619999999999999885e-01 7.950000000000000400e-01
2.296961944027228752e-02 3.068324985589422280e-02 8.519999999999999796e-01 7.920000000000000373e-01
2.297330432887021573e-02 3.123638794708005068e-02 8.635000000000000453e-01 8.020000000000000462e-01
2.235596621774966000e-02 3.046079085478383547e-02 8.615000000000000435e-01 7.950000000000000400e-01
2.306726039470535783e-02 3.116187580076802341e-02 8.539999999999999813e-01 7.950000000000000400e-01
2.203517202998883651e-02 3.029300280410870960e-02 8.659999999999999920e-01 8.030000000000000471e-01
2.367837671157554599e-02 3.129761510125896734e-02 8.419999999999999707e-01 7.770000000000000240e-01
2.175293319346208870e-02 2.984435791585221889e-02 8.635000000000000453e-01 8.000000000000000444e-01
2.228706246705902325e-02 3.046165020136016796e-02 8.655000000000000471e-01 8.000000000000000444e-01
2.325564167940709012e-02 3.148137918580455608e-02 8.565000000000000391e-01 7.990000000000000435e-01
2.263150616952808170e-02 3.090635901783199413e-02 8.605000000000000426e-01 8.000000000000000444e-01
2.236900378426436714e-02 3.050052589590106222e-02 8.569999999999999840e-01 7.940000000000000391e-01
2.269922987532098715e-02 3.112443364075834218e-02 8.635000000000000453e-01 7.910000000000000364e-01
2.420535324353834117e-02 3.246041649917193878e-02 8.469999999999999751e-01 7.800000000000000266e-01
2.280304224755467721e-02 3.095063911315932767e-02 8.619999999999999885e-01 7.990000000000000435e-01
2.251700846829830099e-02 3.098059513437223175e-02 8.599999999999999867e-01 8.020000000000000462e-01
2.244668836034937123e-02 3.054891990726772005e-02 8.649999999999999911e-01 7.970000000000000417e-01
2.304447548345049668e-02 3.115950734204137040e-02 8.525000000000000355e-01 7.990000000000000435e-01
2.163187513349918226e-02 2.986909832135519957e-02 8.649999999999999911e-01 8.010000000000000453e-01
2.239546192670176239e-02 3.076754395554134533e-02 8.695000000000000506e-01 8.010000000000000453e-01
2.332323736339397477e-02 3.155706528518661264e-02 8.515000000000000346e-01 7.880000000000000338e-01
2.160779715324290945e-02 2.973564429987165039e-02 8.699999999999999956e-01 8.080000000000000515e-01
2.598536679528579488e-02 3.414544770784912892e-02 8.369999999999999662e-01 7.800000000000000266e-01
2.256175586276224290e-02 3.095437976146682771e-02 8.579999999999999849e-01 7.890000000000000346e-01
2.254687129431472495e-02 3.104861410910582376e-02 8.615000000000000435e-01 7.960000000000000409e-01
2.261429835668121030e-02 3.102232924509734646e-02 8.639999999999999902e-01 7.970000000000000417e-01
2.202710851487675939e-02 3.031530812809567557e-02 8.649999999999999911e-01 7.970000000000000417e-01
2.301840659019988022e-02 3.141311328051812901e-02 8.449999999999999734e-01 7.930000000000000382e-01
2.326648197332771908e-02 3.143509344340180561e-02 8.559999999999999831e-01 7.960000000000000409e-01
2.142798171136697793e-02 2.961968901469467022e-02 8.679999999999999938e-01 8.020000000000000462e-01
2.332693599034260309e-02 3.146815077064218230e-02 8.555000000000000382e-01 7.880000000000000338e-01
2.190594323606837729e-02 3.031057499921300732e-02 8.639999999999999902e-01 7.990000000000000435e-01
2.293219357545742132e-02 3.117084826669339059e-02 8.485000000000000320e-01 7.890000000000000346e-01
2.218583580614741022e-02 3.046724664469559196e-02 8.629999999999999893e-01 8.040000000000000480e-01
2.201581647656250529e-02 3.058375315379277190e-02 8.579999999999999849e-01 7.920000000000000373e-01
2.286442121513523884e-02 3.152211126345064174e-02 8.549999999999999822e-01 7.940000000000000391e-01
2.153700520218410422e-02 2.978765876694844383e-02 8.675000000000000488e-01 8.050000000000000488e-01
2.333480478143020592e-02 3.166289167231629842e-02 8.485000000000000320e-01 7.940000000000000391e-01
2.161010910369726146e-02 3.004122714504404643e-02 8.639999999999999902e-01 7.940000000000000391e-01
2.219288927242693207e-02 3.047858043754933868e-02 8.565000000000000391e-01 8.000000000000000444e-01
2.113743963320346628e-02 2.970403704722505631e-02 8.735000000000000542e-01 8.010000000000000453e-01
2.278653151143877897e-02 3.100286148644294804e-02 8.599999999999999867e-01 7.880000000000000338e-01
2.235659587142901569e-02 3.067037833676873951e-02 8.615000000000000435e-01 8.000000000000000444e-01
2.181386311234261369e-02 2.999160522582383637e-02 8.629999999999999893e-01 7.960000000000000409e-01
2.117687624932348273e-02 2.956080262240087103e-02 8.705000000000000515e-01 8.020000000000000462e-01
2.253874073578164550e-02 3.117539915722025018e-02 8.595000000000000417e-01 8.000000000000000444e-01
2.110389948704244345e-02 2.985264427848029548e-02 8.655000000000000471e-01 8.030000000000000471e-01
2.272776838692188231e-02 3.116295085637430656e-02 8.555000000000000382e-01 7.870000000000000329e-01
2.200684192216200916e-02 3.083557284476971805e-02 8.675000000000000488e-01 8.020000000000000462e-01
2.112234437352290481e-02 2.976175676167188214e-02 8.699999999999999956e-01 8.030000000000000471e-01
2.105415449862296090e-02 2.958570646005964644e-02 8.715000000000000524e-01 8.030000000000000471e-01
2.096251156003648905e-02 2.958891945055103223e-02 8.709999999999999964e-01 8.050000000000000488e-01
2.231073851731708510e-02 3.120226361103863727e-02 8.649999999999999911e-01 7.920000000000000373e-01
2.136633953283616216e-02 3.009169227671177824e-02 8.689999999999999947e-01 8.030000000000000471e-01
2.070431312337978405e-02 2.948923389445856288e-02 8.709999999999999964e-01 8.010000000000000453e-01
2.252112973912206301e-02 3.092201810082722060e-02 8.599999999999999867e-01 7.940000000000000391e-01
2.149013682610278336e-02 3.018702991053008947e-02 8.689999999999999947e-01 8.060000000000000497e-01
2.158985683345318943e-02 3.039181299860711089e-02 8.605000000000000426e-01 7.920000000000000373e-01
2.144006395988697078e-02 2.990923874970057017e-02 8.699999999999999956e-01 8.010000000000000453e-01
2.243470373149788685e-02 3.088457653396114999e-02 8.515000000000000346e-01 8.010000000000000453e-01
2.111980624961037195e-02 2.986496868920192338e-02 8.695000000000000506e-01 7.990000000000000435e-01
2.084545078005940744e-02 2.947737749236841245e-02 8.689999999999999947e-01 8.050000000000000488e-01
2.135561199842407262e-02 3.003932574624072413e-02 8.635000000000000453e-01 7.970000000000000417e-01
2.181644992712675896e-02 3.032900426491975249e-02 8.655000000000000471e-01 8.000000000000000444e-01
2.093663650043003227e-02 2.942394064691915626e-02 8.639999999999999902e-01 7.980000000000000426e-01
2.129156085419130207e-02 2.996585932293738611e-02 8.625000000000000444e-01 7.940000000000000391e-01
2.099049003285594073e-02 2.976936808665331044e-02 8.669999999999999929e-01 8.030000000000000471e-01
2.085402507598563618e-02 2.968189570539517957e-02 8.715000000000000524e-01 7.990000000000000435e-01
2.118299237526697840e-02 3.005297928414236291e-02 8.655000000000000471e-01 8.000000000000000444e-01
2.247615417509715371e-02 3.103983128192181265e-02 8.529999999999999805e-01 7.820000000000000284e-01
2.065753459963618616e-02 2.957147618851806159e-02 8.725000000000000533e-01 8.020000000000000462e-01
2.098732822044356919e-02 2.957931007269852877e-02 8.705000000000000515e-01 8.110000000000000542e-01
2.335112111673763591e-02 3.223845602328918175e-02 8.509999999999999787e-01 7.810000000000000275e-01
2.090539875215310928e-02 2.922847496063377473e-02 8.669999999999999929e-01 7.960000000000000409e-01
2.128706192598342137e-02 3.012389396053917479e-02 8.709999999999999964e-01 8.010000000000000453e-01
2.036582165328281249e-02 2.924297630428772388e-02 8.764999999999999458e-01 8.030000000000000471e-01
2.153191945893437320e-02 3.064207748811073606e-02 8.679999999999999938e-01 8.000000000000000444e-01
2.108710442403610025e-02 2.972802759894717026e-02 8.629999999999999893e-01 7.970000000000000417e-01
2.170878805677862664e-02 3.062210948232849464e-02 8.575000000000000400e-01 7.890000000000000346e-01
2.171756457010128386e-02 3.069232067768807096e-02 8.655000000000000471e-01 8.030000000000000471e-01
2.118718973861271476e-02 2.987797014390696990e-02 8.639999999999999902e-01 7.960000000000000409e-01
2.158734703721011672e-02 3.054267615302127398e-02 8.639999999999999902e-01 7.920000000000000373e-01
2.039473680963819341e-02 2.926392874571470681e-02 8.699999999999999956e-01 8.040000000000000480e-01
2.149664343486545545e-02 3.026687595661678790e-02 8.655000000000000471e-01 7.880000000000000338e-01
2.112831519812416459e-02 2.994131550716268297e-02 8.665000000000000480e-01 7.990000000000000435e-01
2.131619051050726715e-02 3.036826854314132393e-02 8.665000000000000480e-01 8.050000000000000488e-01
2.182031192587781041e-02 3.067836716400631700e-02 8.619999999999999885e-01 7.940000000000000391e-01
2.123090395115660028e-02 3.006169332252916354e-02 8.625000000000000444e-01 7.970000000000000417e-01
2.074956831339360569e-02 2.971981523041113127e-02 8.659999999999999920e-01 7.970000000000000417e-01
2.007386366132767400e-02 2.887064615649945903e-02 8.760000000000000009e-01 8.090000000000000524e-01
2.048796449655722676e-02 2.938340397128505824e-02 8.725000000000000533e-01 8.040000000000000480e-01
2.013677503464169488e-02 2.912312884583004649e-02 8.709999999999999964e-01 8.040000000000000480e-01
2.110038116773116021e-02 3.013528330359213289e-02 8.699999999999999956e-01 8.040000000000000480e-01
2.076219139083121737e-02 3.003677600544814308e-02 8.705000000000000515e-01 8.050000000000000488e-01
2.073218554923561205e-02 2.970975072241870824e-02 8.655000000000000471e-01 8.020000000000000462e-01
2.040906469189924036e-02 2.952934926490477854e-02 8.770000000000000018e-01 8.080000000000000515e-01
2.076594784704672778e-02 2.964756222485468579e-02 8.675000000000000488e-01 8.010000000000000453e-01
2.065696075968411274e-02 2.932877043151323887e-02 8.715000000000000524e-01 8.020000000000000462e-01
2.051028455507934722e-02 2.939569690927767293e-02 8.725000000000000533e-01 8.040000000000000480e-01
2.077529487096532040e-02 2.969680342366342110e-02 8.649999999999999911e-01 8.010000000000000453e-01
2.048197825131392591e-02 2.932405242334763101e-02 8.750000000000000000e-01 8.070000000000000506e-01
2.101338189973461432e-02 2.996318457464863458e-02 8.705000000000000515e-01 8.010000000000000453e-01
2.056349307448696040e-02 2.943331153234658021e-02 8.725000000000000533e-01 8.030000000000000471e-01
2.268861005230243810e-02 3.138549949725970289e-02 8.565000000000000391e-01 7.890000000000000346e-01
2.098550297348884472e-02 2.969793173891025623e-02 8.679999999999999938e-01 7.920000000000000373e-01
2.021696010511199113e-02 2.918848483913367292e-02 8.725000000000000533e-01 8.030000000000000471e-01
2.112980826072550361e-02 2.997264810038826818e-02 8.625000000000000444e-01 7.960000000000000409e-01
1.990233018203904289e-02 2.876618747384080202e-02 8.754999999999999449e-01 8.050000000000000488e-01
2.086215412019376547e-02 2.976031993431940345e-02 8.659999999999999920e-01 8.010000000000000453e-01
2.100833268094588410e-02 3.011054340542647367e-02 8.669999999999999929e-01 8.060000000000000497e-01
2.060225741881736850e-02 2.972758257070090213e-02 8.679999999999999938e-01 8.000000000000000444e-01
2.044033226903678099e-02 2.977034355233399918e-02 8.705000000000000515e-01 8.050000000000000488e-01
2.025372278007251184e-02 2.906351643863471293e-02 8.770000000000000018e-01 8.060000000000000497e-01
1.963013612494812071e-02 2.861166754120856789e-02 8.750000000000000000e-01 8.080000000000000515e-01
2.015536145748741265e-02 2.907232679986807358e-02 8.745000000000000551e-01 8.060000000000000497e-01
2.085992362394953337e-02 2.961800782776323471e-02 8.669999999999999929e-01 8.010000000000000453e-01
2.052406159283819836e-02 2.930834638772088219e-02 8.679999999999999938e-01 8.050000000000000488e-01
2.183070886265683908e-02 3.093726354206052798e-02 8.699999999999999956e-01 7.980000000000000426e-01
2.026106903388427000e-02 2.933235811430222328e-02 8.719999999999999973e-01 8.020000000000000462e-01
2.023195769125216495e-02 2.921037778017344932e-02 8.745000000000000551e-01 8.090000000000000524e-01
2.017045366801572051e-02 2.940535520206097320e-02 8.750000000000000000e-01 8.100000000000000533e-01
2.052731907530090313e-02 2.920775282708138951e-02 8.764999999999999458e-01 8.080000000000000515e-01
2.048831349413253108e-02 2.952987741215490694e-02 8.709999999999999964e-01 7.990000000000000435e-01
2.055732413198562911e-02 2.953959710055874960e-02 8.689999999999999947e-01 8.010000000000000453e-01
1.966521117896640955e-02 2.853922302352450077e-02 8.774999999999999467e-01 8.110000000000000542e-01
1.986125547618330933e-02 2.903100458262720257e-02 8.745000000000000551e-01 8.129999999999999449e-01
2.039172997713981084e-02 2.947766794623706693e-02 8.649999999999999911e-01 7.980000000000000426e-01
2.114323383709377710e-02 3.029325944629308529e-02 8.585000000000000409e-01 7.960000000000000409e-01
2.022694718492905330e-02 2.927229078056346398e-02 8.754999999999999449e-01 8.020000000000000462e-01
2.035850598967310979e-02 2.951370224697898864e-02 8.729999999999999982e-01 8.060000000000000497e-01
1.973233502513519269e-02 2.915658486041008274e-02 8.764999999999999458e-01 8.030000000000000471e-01
1.993748740616089338e-02 2.931342864785237839e-02 8.764999999999999458e-01 7.980000000000000426e-01
2.056100841839742649e-02 2.971085341745970804e-02 8.739999999999999991e-01 8.040000000000000480e-01
2.048291381993744276e-02 2.969609608463211897e-02 8.725000000000000533e-01 7.950000000000000400e-01
1.979237758736341821e-02 2.905473648376796433e-02 8.774999999999999467e-01 8.090000000000000524e-01
1.995894969254909460e-02 2.933464769510085376e-02 8.754999999999999449e-01 8.129999999999999449e-01
2.058793365366827152e-02 2.998029987379167635e-02 8.685000000000000497e-01 8.010000000000000453e-01
2.016940165379458791e-02 2.918238883472859188e-02 8.760000000000000009e-01 8.050000000000000488e-01
2.055000035647512949e-02 3.020635038377959131e-02 8.695000000000000506e-01 8.050000000000000488e-01
2.027915593324972066e-02 2.918993020042116859e-02 8.715000000000000524e-01 8.060000000000000497e-01
2.044200526626925238e-02 2.972949814329495580e-02 8.780000000000000027e-01 8.100000000000000533e-01
1.999734481576658993e-02 2.946505882609552762e-02 8.754999999999999449e-01 8.020000000000000462e-01
1.958781637966781550e-02 2.870312743469282182e-02 8.784999999999999476e-01 8.070000000000000506e-01
1.987453674153194169e-02 2.917034041807929287e-02 8.764999999999999458e-01 8.060000000000000497e-01
1.969116989213875665e-02 2.880679568796962881e-02 8.760000000000000009e-01 8.030000000000000471e-01
1.992484035042346724e-02 2.893584737471010734e-02 8.735000000000000542e-01 8.060000000000000497e-01
1.983169940668133915e-02 2.923102327386551541e-02 8.739999999999999991e-01 8.050000000000000488e-01
1.995102122142196691e-02 2.921622419146284455e-02 8.725000000000000533e-01 8.030000000000000471e-01
2.056968316524640863e-02 2.986579694550882749e-02 8.675000000000000488e-01 8.010000000000000453e-01
1.987887376914353535e-02 2.932647743395431703e-02 8.745000000000000551e-01 8.100000000000000533e-01
1.934285879111356105e-02 2.844211449921077092e-02 8.794999999999999485e-01 8.070000000000000506e-01
2.013806664795645199e-02 2.915009180759066051e-02 8.774999999999999467e-01 8.020000000000000462e-01
2.052311736490870439e-02 3.010597148459957448e-02 8.695000000000000506e-01 8.020000000000000462e-01
2.030341862024874489e-02 2.974233777603619774e-02 8.729999999999999982e-01 8.080000000000000515e-01
2.126107355006893324e-02 3.051171086063586557e-02 8.589999999999999858e-01 7.990000000000000435e-01
1.920983146733100735e-02 2.857402280104679587e-02 8.794999999999999485e-01 8.070000000000000506e-01
2.134002722937376403e-02 3.070425805031711669e-02 8.615000000000000435e-01 7.940000000000000391e-01
1.984395913081597046e-02 2.942792869821903370e-02 8.780000000000000027e-01 8.070000000000000506e-01
2.049919829836696974e-02 2.986138010937577913e-02 8.669999999999999929e-01 8.040000000000000480e-01
1.965964358367353407e-02 2.907370058082593689e-02 8.780000000000000027e-01 8.120000000000000551e-01
2.028223922816473068e-02 2.978229233966514511e-02 8.750000000000000000e-01 8.090000000000000524e-01
1.918642414412597211e-02 2.851847174843340563e-02 8.834999999999999520e-01 8.129999999999999449e-01
2.019575760304046647e-02 2.960890044565017004e-02 8.685000000000000497e-01 7.990000000000000435e-01
1.950789926205430402e-02 2.883823025901506229e-02 8.790000000000000036e-01 8.060000000000000497e-01
1.941165004437726133e-02 2.867228047352151504e-02 8.764999999999999458e-01 8.030000000000000471e-01
1.957396019195605658e-02 2.888666112272508107e-02 8.790000000000000036e-01 8.060000000000000497e-01
1.948280456629069429e-02 2.914569323699403580e-02 8.735000000000000542e-01 8.070000000000000506e-01
1.953028010963494404e-02 2.882794617568777695e-02 8.794999999999999485e-01 8.129999999999999449e-01
1.966439150796947533e-02 2.943159688808010682e-02 8.745000000000000551e-01 8.040000000000000480e-01
1.970191780042657853e-02 2.922758964417394509e-02 8.725000000000000533e-01 7.980000000000000426e-01
1.940878351902474222e-02 2.870102978240305497e-02 8.750000000000000000e-01 7.990000000000000435e-01
1.971215692040303655e-02 2.915869120276212700e-02 8.784999999999999476e-01 8.030000000000000471e-01
1.951558475250935246e-02 2.916243544725292611e-02 8.764999999999999458e-01 8.050000000000000488e-01
1.905485555704638026e-02 2.861344981573087087e-02 8.804999999999999494e-01 8.110000000000000542e-01
2.036063781069612569e-02 2.964065045586716102e-02 8.725000000000000533e-01 8.020000000000000462e-01
1.965592613474756792e-02 2.896719300388696239e-02 8.840000000000000080e-01 8.090000000000000524e-01
1.952026788312139285e-02 2.877239572394947251e-02 8.750000000000000000e-01 8.040000000000000480e-01
2.049487068822849686e-02 3.009516226552294213e-02 8.735000000000000542e-01 8.050000000000000488e-01
1.947461525731424004e-02 2.880094182752676590e-02 8.750000000000000000e-01 8.010000000000000453e-01
1.971914164084025145e-02 2.939196778226587856e-02 8.774999999999999467e-01 8.100000000000000533e-01
1.921137870551143864e-02 2.895791540694161656e-02 8.735000000000000542e-01 8.010000000000000453e-01
2.040831975424353684e-02 2.967657821308975971e-02 8.725000000000000533e-01 8.040000000000000480e-01
1.949200617787370457e-02 2.895503166402263115e-02 8.725000000000000533e-01 8.010000000000000453e-01
1.946514561770487303e-02 2.904518412419803200e-02 8.780000000000000027e-01 8.100000000000000533e-01
2.013085282195707995e-02 2.976451743619303036e-02 8.679999999999999938e-01 8.060000000000000497e-01
1.986857175686029126e-02 2.950534054244947219e-02 8.669999999999999929e-01 8.030000000000000471e-01
2.025647536032900917e-02 2.974770904694980928e-02 8.659999999999999920e-01 8.020000000000000462e-01
2.021734781791852120e-02 2.963603458585034253e-02 8.695000000000000506e-01 8.000000000000000444e-01
1.900206252714353033e-02 2.848084904670440676e-02 8.800000000000000044e-01 8.060000000000000497e-01
1.931450222842637579e-02 2.829672130494980536e-02 8.800000000000000044e-01 8.159999999999999476e-01
2.027222399074566847e-02 2.972502581424130846e-02 8.760000000000000009e-01 8.060000000000000497e-01
1.942876235564441195e-02 2.885330163072289886e-02 8.770000000000000018e-01 8.060000000000000497e-01
2.201562420344540735e-02 3.149582870196477452e-02 8.579999999999999849e-01 7.930000000000000382e-01
1.910608886297123291e-02 2.862900767013334610e-02 8.840000000000000080e-01 8.139999999999999458e-01
1.947656027917740382e-02 2.916808725921421139e-02 8.780000000000000027e-01 8.050000000000000488e-01
1.946204926173794592e-02 2.915762710557512349e-02 8.774999999999999467e-01 8.050000000000000488e-01
1.976307216491750979e-02 2.899401778696429968e-02 8.735000000000000542e-01 7.980000000000000426e-01
1.939951719836746635e-02 2.894356398148449291e-02 8.774999999999999467e-01 8.080000000000000515e-01
2.049843691601334339e-02 2.976903884094260835e-02 8.709999999999999964e-01 8.060000000000000497e-01
1.973301731990916019e-02 2.935933771051077792e-02 8.729999999999999982e-01 8.090000000000000524e-01
1.993142919466873650e-02 2.952711108073319268e-02 8.824999999999999512e-01 8.030000000000000471e-01
1.893109412750875603e-02 2.853848575339391208e-02 8.770000000000000018e-01 8.070000000000000506e-01
1.910094570367493194e-02 2.876171431161393330e-02 8.804999999999999494e-01 8.129999999999999449e-01
1.932771075315805470e-02 2.869035691724592871e-02 8.814999999999999503e-01 8.110000000000000542e-01
